[38;2;100;170;255m⠀[38;2;100;170;255m⠀[38;2;105;165;247m⠀[38;2;110;161;240m⠀[38;2;115;156;233m⠀[38;2;121;152;225m⠀[38;2;126;147;218m⠀[38;2;131;143;211m⠀[38;2;136;138;203m⠀[38;2;142;134;196m⠀[38;2;147;130;189m⠀[38;2;152;125;181m⠀[38;2;158;121;174m⠀[38;2;163;116;167m⢀[38;2;168;112;159m⠀[38;2;173;107;152m⠀[38;2;179;103;145m⡀[38;2;184;99;137m⠠[38;2;189;94;130m⢀[38;2;195;90;123m⠠[38;2;200;85;115m⠀[38;2;205;81;108m⠄[38;2;210;76;101m⣀[38;2;216;72;93m⣴[38;2;221;68;86m⣾[38;2;226;63;79m⣿[38;2;232;59;71m⣟[38;2;237;54;64m⣽[38;2;242;50;57m⣣[38;2;247;45;49m⣦[38;2;253;41;42m⣷[38;2;252;43;44m⣷[38;2;248;48;52m⣿[38;2;244;53;59m⣶[38;2;240;58;66m⣿[38;2;236;63;74m⣆[38;2;232;68;81m⠫[38;2;228;74;88m⡻[38;2;224;79;96m⢿[38;2;221;84;103m⣿[38;2;217;89;110m⣿[38;2;213;94;118m⣶[38;2;209;99;125m⣦[38;2;205;104;132m⡀[38;2;201;109;140m⠀[38;2;197;115;147m⠄[38;2;193;120;154m⡀[38;2;189;125;162m⠄[38;2;185;130;169m⡀[38;2;181;135;176m⠠[38;2;177;140;184m⠀[38;2;173;145;191m⢀[38;2;170;150;198m⠀[38;2;166;155;206m⡀[38;2;162;161;213m⢀[38;2;158;166;220m⠀[38;2;154;171;228m⠀[38;2;150;176;235m⡀[38;2;146;181;242m⠀[38;2;142;186;250m⡀[38;2;138;188;253m⠀[38;2;135;184;247m⡀[38;2;132;179;242m⠀[38;2;128;175;237m⡀[38;2;125;170;232m⠀[0m
[38;2;100;170;255m⠀[38;2;105;165;247m⠀[38;2;110;161;240m⠈[38;2;115;156;233m⢀[38;2;121;152;225m⠈[38;2;126;147;218m⠀[38;2;131;143;211m⠁[38;2;136;138;203m⠈[38;2;142;134;196m⠀[38;2;147;130;189m⠁[38;2;152;125;181m⠈[38;2;158;121;174m⠀[38;2;163;116;167m⠁[38;2;168;112;159m⠀[38;2;173;107;152m⠀[38;2;179;103;145m⠁[38;2;184;99;137m⠠[38;2;189;94;130m⠐[38;2;195;90;123m⢀[38;2;200;85;115m⠐[38;2;205;81;108m⣨[38;2;210;76;101m⣾[38;2;216;72;93m⡿[38;2;221;68;86m⣿[38;2;226;63;79m⣛[38;2;232;59;71m⢿[38;2;237;54;64m⣿[38;2;242;50;57m⣿[38;2;247;45;49m⣵[38;2;253;41;42m⣿[38;2;252;43;44m⡿[38;2;248;48;52m⣿[38;2;244;53;59m⣿[38;2;240;58;66m⣿[38;2;236;63;74m⣿[38;2;232;68;81m⣿[38;2;228;74;88m⣧[38;2;224;79;96m⢺[38;2;221;84;103m⣧[38;2;217;89;110m⡙[38;2;213;94;118m⢿[38;2;209;99;125m⣿[38;2;205;104;132m⣿[38;2;201;109;140m⣷[38;2;197;115;147m⡄[38;2;193;120;154m⠀[38;2;189;125;162m⡐[38;2;185;130;169m⢀[38;2;181;135;176m⠐[38;2;177;140;184m⢀[38;2;173;145;191m⠈[38;2;170;150;198m⠀[38;2;166;155;206m⡀[38;2;162;161;213m⢀[38;2;158;166;220m⠠[38;2;154;171;228m⠀[38;2;150;176;235m⠁[38;2;146;181;242m⢀[38;2;142;186;250m⠠[38;2;138;188;253m⠀[38;2;135;184;247m⠁[38;2;132;179;242m⠀[38;2;128;175;237m⡀[38;2;125;170;232m⠀[38;2;121;166;226m⠁[0m
[38;2;105;165;247m⠀[38;2;110;161;240m⠀[38;2;115;156;233m⠁[38;2;121;152;225m⠀[38;2;126;147;218m⡀[38;2;131;143;211m⠐[38;2;136;138;203m⠈[38;2;142;134;196m⠀[38;2;147;130;189m⠁[38;2;152;125;181m⠈[38;2;158;121;174m⠀[38;2;163;116;167m⢁[38;2;168;112;159m⠠[38;2;173;107;152m⠈[38;2;179;103;145m⢀[38;2;184;99;137m⠁[38;2;189;94;130m⠂[38;2;195;90;123m⠌[38;2;200;85;115m⠀[38;2;205;81;108m⣼[38;2;210;76;101m⢟[38;2;216;72;93m⣿[38;2;221;68;86m⢦[38;2;226;63;79m⣿[38;2;232;59;71m⣻[38;2;237;54;64m⢻[38;2;242;50;57m⣿[38;2;247;45;49m⣿[38;2;253;41;42m⣿[38;2;252;43;44m⡿[38;2;248;48;52m⢰[38;2;244;53;59m⣿[38;2;240;58;66m⣿[38;2;236;63;74m⣿[38;2;232;68;81m⣿[38;2;228;74;88m⢻[38;2;224;79;96m⣿[38;2;221;84;103m⡞[38;2;217;89;110m⡝[38;2;213;94;118m⣿[38;2;209;99;125m⣮[38;2;205;104;132m⡻[38;2;201;109;140m⣯[38;2;197;115;147m⡸[38;2;193;120;154m⣽[38;2;189;125;162m⢦[38;2;185;130;169m⡀[38;2;181;135;176m⠠[38;2;177;140;184m⠈[38;2;173;145;191m⡀[38;2;170;150;198m⢀[38;2;166;155;206m⠂[38;2;162;161;213m⠀[38;2;158;166;220m⡀[38;2;154;171;228m⠀[38;2;150;176;235m⠐[38;2;146;181;242m⠀[38;2;142;186;250m⠠[38;2;138;188;253m⠀[38;2;135;184;247m⢀[38;2;132;179;242m⠐[38;2;128;175;237m⠀[38;2;125;170;232m⡀[38;2;121;166;226m⠄[38;2;118;161;221m⠁[0m
[38;2;110;161;240m⠀[38;2;115;156;233m⠀[38;2;121;152;225m⠈[38;2;126;147;218m⠀[38;2;131;143;211m⠀[38;2;136;138;203m⠄[38;2;142;134;196m⠐[38;2;147;130;189m⠈[38;2;152;125;181m⠀[38;2;158;121;174m⢈[38;2;163;116;167m⠀[38;2;168;112;159m⠄[38;2;173;107;152m⠀[38;2;179;103;145m⡐[38;2;184;99;137m⠀[38;2;189;94;130m⠌[38;2;195;90;123m⠐[38;2;200;85;115m⡈[38;2;205;81;108m⣰[38;2;210;76;101m⣷[38;2;216;72;93m⣿[38;2;221;68;86m⢳[38;2;226;63;79m⡟[38;2;232;59;71m⣱[38;2;237;54;64m⣷[38;2;242;50;57m⣿[38;2;247;45;49m⣿[38;2;253;41;42m⣿[38;2;252;43;44m⣿[38;2;248;48;52m⢃[38;2;244;53;59m⣿[38;2;240;58;66m⣿[38;2;236;63;74m⣿[38;2;232;68;81m⣿[38;2;228;74;88m⣿[38;2;224;79;96m⡏[38;2;221;84;103m⣿[38;2;217;89;110m⣷[38;2;213;94;118m⡇[38;2;209;99;125m⢹[38;2;205;104;132m⣿[38;2;201;109;140m⣷[38;2;197;115;147m⡘[38;2;193;120;154m⢷[38;2;189;125;162m⡝[38;2;185;130;169m⣷[38;2;181;135;176m⡝[38;2;177;140;184m⠆[38;2;173;145;191m⠐[38;2;170;150;198m⢀[38;2;166;155;206m⠠[38;2;162;161;213m⠀[38;2;158;166;220m⠂[38;2;154;171;228m⢀[38;2;150;176;235m⠈[38;2;146;181;242m⠀[38;2;142;186;250m⠌[38;2;138;188;253m⠀[38;2;135;184;247m⠐[38;2;132;179;242m⠀[38;2;128;175;237m⡀[38;2;125;170;232m⠂[38;2;121;166;226m⠀[38;2;118;161;221m⠄[38;2;114;157;216m⠂[0m
[38;2;115;156;233m⠀[38;2;121;152;225m⠘[38;2;126;147;218m⠀[38;2;131;143;211m⠘[38;2;136;138;203m⠀[38;2;142;134;196m⢀[38;2;147;130;189m⠀[38;2;152;125;181m⠀[38;2;158;121;174m⠃[38;2;163;116;167m⠀[38;2;168;112;159m⢀[38;2;173;107;152m⠀[38;2;179;103;145m⠄[38;2;184;99;137m⠀[38;2;189;94;130m⡘[38;2;195;90;123m⠀[38;2;200;85;115m⠄[38;2;205;81;108m⢠[38;2;210;76;101m⣿[38;2;216;72;93m⣿[38;2;221;68;86m⣿[38;2;226;63;79m⠘[38;2;232;59;71m⣸[38;2;237;54;64m⣿[38;2;242;50;57m⢻[38;2;247;45;49m⣿[38;2;253;41;42m⢧[38;2;252;43;44m⣿[38;2;248;48;52m⣿[38;2;244;53;59m⢀[38;2;240;58;66m⣿[38;2;236;63;74m⣿[38;2;232;68;81m⣿[38;2;228;74;88m⣿[38;2;224;79;96m⣿[38;2;221;84;103m⣿[38;2;217;89;110m⣿[38;2;213;94;118m⣿[38;2;209;99;125m⡇[38;2;205;104;132m⠟[38;2;201;109;140m⣿[38;2;197;115;147m⣿[38;2;193;120;154m⣇[38;2;189;125;162m⠘[38;2;185;130;169m⠇[38;2;181;135;176m⣿[38;2;177;140;184m⣇[38;2;173;145;191m⠠[38;2;170;150;198m⠀[38;2;166;155;206m⠀[38;2;162;161;213m⠄[38;2;158;166;220m⠠[38;2;154;171;228m⠘[38;2;150;176;235m⠀[38;2;146;181;242m⢀[38;2;142;186;250m⠃[38;2;138;188;253m⠀[38;2;135;184;247m⡘[38;2;132;179;242m⠀[38;2;128;175;237m⠄[38;2;125;170;232m⢀[38;2;121;166;226m⠀[38;2;118;161;221m⢃[38;2;114;157;216m⠀[38;2;111;153;210m⠄[0m
[38;2;121;152;225m⠀[38;2;126;147;218m⠠[38;2;131;143;211m⠈[38;2;136;138;203m⠀[38;2;142;134;196m⠐[38;2;147;130;189m⠀[38;2;152;125;181m⡀[38;2;158;121;174m⠁[38;2;163;116;167m⠠[38;2;168;112;159m⠁[38;2;173;107;152m⢀[38;2;179;103;145m⠠[38;2;184;99;137m⠀[38;2;189;94;130m⢂[38;2;195;90;123m⠐[38;2;200;85;115m⠈[38;2;205;81;108m⢀[38;2;210;76;101m⣟[38;2;216;72;93m⣿[38;2;221;68;86m⣯[38;2;226;63;79m⣿[38;2;232;59;71m⢻[38;2;237;54;64m⣿[38;2;242;50;57m⡿[38;2;247;45;49m⣞[38;2;253;41;42m⣿[38;2;252;43;44m⢸[38;2;248;48;52m⣼[38;2;244;53;59m⣿[38;2;240;58;66m⡼[38;2;236;63;74m⣿[38;2;232;68;81m⣿[38;2;228;74;88m⡿[38;2;224;79;96m⣿[38;2;221;84;103m⡏[38;2;217;89;110m⡟[38;2;213;94;118m⣾[38;2;209;99;125m⢿[38;2;205;104;132m⡑[38;2;201;109;140m⠀[38;2;197;115;147m⢻[38;2;193;120;154m⣿[38;2;189;125;162m⡿[38;2;185;130;169m⡄[38;2;181;135;176m⠠[38;2;177;140;184m⠙[38;2;173;145;191m⠁[38;2;170;150;198m⠁[38;2;166;155;206m⠀[38;2;162;161;213m⠈[38;2;158;166;220m⠄[38;2;154;171;228m⠂[38;2;150;176;235m⠐[38;2;146;181;242m⠈[38;2;142;186;250m⡀[38;2;138;188;253m⠠[38;2;135;184;247m⠁[38;2;132;179;242m⠀[38;2;128;175;237m⠄[38;2;125;170;232m⢈[38;2;121;166;226m⠀[38;2;118;161;221m⠄[38;2;114;157;216m⠂[38;2;111;153;210m⢀[38;2;108;148;205m⠂[0m
[38;2;126;147;218m⠀[38;2;131;143;211m⢀[38;2;136;138;203m⠂[38;2;142;134;196m⠈[38;2;147;130;189m⠀[38;2;152;125;181m⠄[38;2;158;121;174m⠀[38;2;163;116;167m⠌[38;2;168;112;159m⠀[38;2;173;107;152m⡐[38;2;179;103;145m⠀[38;2;184;99;137m⡀[38;2;189;94;130m⠂[38;2;195;90;123m⠄[38;2;200;85;115m⠂[38;2;205;81;108m⢁[38;2;210;76;101m⠸[38;2;216;72;93m⣹[38;2;221;68;86m⢿[38;2;226;63;79m⣿[38;2;232;59;71m⣧[38;2;237;54;64m⡿[38;2;242;50;57m⣛[38;2;247;45;49m⣧[38;2;253;41;42m⠏[38;2;252;43;44m⢿[38;2;248;48;52m⠨[38;2;244;53;59m⡧[38;2;240;58;66m⣿[38;2;236;63;74m⣧[38;2;232;68;81m⣿[38;2;228;74;88m⣿[38;2;224;79;96m⡧[38;2;221;84;103m⣿[38;2;217;89;110m⡇[38;2;213;94;118m⠃[38;2;209;99;125m⡟[38;2;205;104;132m⠸[38;2;201;109;140m⠀[38;2;197;115;147m⠀[38;2;193;120;154m⠹[38;2;189;125;162m⡟[38;2;185;130;169m⡇[38;2;181;135;176m⢀[38;2;177;140;184m⠀[38;2;173;145;191m⠂[38;2;170;150;198m⠀[38;2;166;155;206m⠀[38;2;162;161;213m⠀[38;2;158;166;220m⢀[38;2;154;171;228m⠂[38;2;150;176;235m⢁[38;2;146;181;242m⠈[38;2;142;186;250m⡀[38;2;138;188;253m⠄[38;2;135;184;247m⠐[38;2;132;179;242m⠀[38;2;128;175;237m⡁[38;2;125;170;232m⢈[38;2;121;166;226m⠀[38;2;118;161;221m⠄[38;2;114;157;216m⠂[38;2;111;153;210m⢈[38;2;108;148;205m⠀[38;2;104;144;200m⡀[0m
[38;2;131;143;211m⠀[38;2;136;138;203m⠠[38;2;142;134;196m⠀[38;2;147;130;189m⢈[38;2;152;125;181m⠀[38;2;158;121;174m⡐[38;2;163;116;167m⠈[38;2;168;112;159m⢀[38;2;173;107;152m⠐[38;2;179;103;145m⠀[38;2;184;99;137m⡐[38;2;189;94;130m⠀[38;2;195;90;123m⡐[38;2;200;85;115m⠠[38;2;205;81;108m⢈[38;2;210;76;101m⠀[38;2;216;72;93m⡀[38;2;221;68;86m⡟[38;2;226;63;79m⣾[38;2;232;59;71m⣿[38;2;237;54;64m⢻[38;2;242;50;57m⢡[38;2;247;45;49m⡟[38;2;253;41;42m⡘[38;2;252;43;44m⢀[38;2;248;48;52m⢯[38;2;244;53;59m⠇[38;2;240;58;66m⠡[38;2;236;63;74m⠹[38;2;232;68;81m⠱[38;2;228;74;88m⢻[38;2;224;79;96m⣟[38;2;221;84;103m⣿[38;2;217;89;110m⣿[38;2;213;94;118m⠁[38;2;209;99;125m⠀[38;2;205;104;132m⠅[38;2;201;109;140m⠀[38;2;197;115;147m⠄[38;2;193;120;154m⡎[38;2;189;125;162m⠀[38;2;185;130;169m⠀[38;2;181;135;176m⢹[38;2;177;140;184m⠀[38;2;173;145;191m⠀[38;2;170;150;198m⠀[38;2;166;155;206m⠀[38;2;162;161;213m⠀[38;2;158;166;220m⠁[38;2;154;171;228m⠀[38;2;150;176;235m⠄[38;2;146;181;242m⠂[38;2;142;186;250m⠠[38;2;138;188;253m⢀[38;2;135;184;247m⠐[38;2;132;179;242m⠈[38;2;128;175;237m⡀[38;2;125;170;232m⠄[38;2;121;166;226m⠀[38;2;118;161;221m⠄[38;2;114;157;216m⠂[38;2;111;153;210m⢈[38;2;108;148;205m⠀[38;2;104;144;200m⠄[38;2;101;139;195m⡀[0m
[38;2;136;138;203m⠀[38;2;142;134;196m⠠[38;2;147;130;189m⠁[38;2;152;125;181m⡀[38;2;158;121;174m⠀[38;2;163;116;167m⠄[38;2;168;112;159m⠐[38;2;173;107;152m⠀[38;2;179;103;145m⠄[38;2;184;99;137m⠂[38;2;189;94;130m⡀[38;2;195;90;123m⠂[38;2;200;85;115m⠄[38;2;205;81;108m⡐[38;2;210;76;101m⠠[38;2;216;72;93m⠀[38;2;221;68;86m⠄[38;2;226;63;79m⡇[38;2;232;59;71m⣿[38;2;237;54;64m⣿[38;2;242;50;57m⢀[38;2;247;45;49m⢺[38;2;253;41;42m⠃[38;2;252;43;44m⡇[38;2;248;48;52m⣶[38;2;244;53;59m⣼[38;2;240;58;66m⣷[38;2;236;63;74m⡄[38;2;232;68;81m⢠[38;2;228;74;88m⠃[38;2;224;79;96m⡌[38;2;221;84;103m⣿[38;2;217;89;110m⠸[38;2;213;94;118m⡟[38;2;209;99;125m⠠[38;2;205;104;132m⡄[38;2;201;109;140m⠂[38;2;197;115;147m⣔[38;2;193;120;154m⣶[38;2;189;125;162m⣶[38;2;185;130;169m⣴[38;2;181;135;176m⣆[38;2;177;140;184m⠌[38;2;173;145;191m⠂[38;2;170;150;198m⠀[38;2;166;155;206m⠀[38;2;162;161;213m⠀[38;2;158;166;220m⠀[38;2;154;171;228m⠀[38;2;150;176;235m⠀[38;2;146;181;242m⢂[38;2;142;186;250m⠈[38;2;138;188;253m⠄[38;2;135;184;247m⡀[38;2;132;179;242m⠂[38;2;128;175;237m⠐[38;2;125;170;232m⡀[38;2;121;166;226m⠄[38;2;118;161;221m⠁[38;2;114;157;216m⡀[38;2;111;153;210m⠂[38;2;108;148;205m⠄[38;2;104;144;200m⠐[38;2;101;139;195m⠠[38;2;97;135;189m⠀[0m
[38;2;142;134;196m⠀[38;2;147;130;189m⠐[38;2;152;125;181m⡀[38;2;158;121;174m⠄[38;2;163;116;167m⠈[38;2;168;112;159m⠠[38;2;173;107;152m⠈[38;2;179;103;145m⠐[38;2;184;99;137m⠠[38;2;189;94;130m⠁[38;2;195;90;123m⠐[38;2;200;85;115m⡀[38;2;205;81;108m⠂[38;2;210;76;101m⠄[38;2;216;72;93m⠠[38;2;221;68;86m⠁[38;2;226;63;79m⢂[38;2;232;59;71m⠁[38;2;237;54;64m⣧[38;2;242;50;57m⣻[38;2;247;45;49m⠄[38;2;253;41;42m⠇[38;2;252;43;44m⡘[38;2;248;48;52m⣬[38;2;244;53;59m⣠[38;2;240;58;66m⣖[38;2;236;63;74m⠂[38;2;232;68;81m⠀[38;2;228;74;88m⢰[38;2;224;79;96m⣅[38;2;221;84;103m⣽[38;2;217;89;110m⣜[38;2;213;94;118m⡀[38;2;209;99;125m⢣[38;2;205;104;132m⣴[38;2;201;109;140m⣡[38;2;197;115;147m⣫[38;2;193;120;154m⡅[38;2;189;125;162m⠂[38;2;185;130;169m⠀[38;2;181;135;176m⣠[38;2;177;140;184m⡍[38;2;173;145;191m⡱[38;2;170;150;198m⠀[38;2;166;155;206m⠈[38;2;162;161;213m⠀[38;2;158;166;220m⠀[38;2;154;171;228m⡁[38;2;150;176;235m⠀[38;2;146;181;242m⠐[38;2;142;186;250m⡀[38;2;138;188;253m⠂[38;2;135;184;247m⠄[38;2;132;179;242m⠐[38;2;128;175;237m⠈[38;2;125;170;232m⡀[38;2;121;166;226m⠄[38;2;118;161;221m⠐[38;2;114;157;216m⠠[38;2;111;153;210m⠐[38;2;108;148;205m⠀[38;2;104;144;200m⠌[38;2;101;139;195m⠐[38;2;97;135;189m⡀[38;2;94;130;184m⠁[0m
[38;2;147;130;189m⠀[38;2;152;125;181m⠂[38;2;158;121;174m⡀[38;2;163;116;167m⠄[38;2;168;112;159m⠁[38;2;173;107;152m⠂[38;2;179;103;145m⡁[38;2;184;99;137m⠌[38;2;189;94;130m⠀[38;2;195;90;123m⠌[38;2;200;85;115m⠐[38;2;205;81;108m⡀[38;2;210;76;101m⠐[38;2;216;72;93m⡈[38;2;221;68;86m⢀[38;2;226;63;79m⠂[38;2;232;59;71m⠄[38;2;237;54;64m⠘[38;2;242;50;57m⠛[38;2;247;45;49m⢼[38;2;253;41;42m⡄[38;2;252;43;44m⢠[38;2;248;48;52m⣴[38;2;244;53;59m⡽[38;2;240;58;66m⣿[38;2;236;63;74m⣿[38;2;232;68;81m⣾[38;2;228;74;88m⣿[38;2;224;79;96m⣿[38;2;221;84;103m⣿[38;2;217;89;110m⣿[38;2;213;94;118m⣿[38;2;209;99;125m⣵[38;2;205;104;132m⣿[38;2;201;109;140m⣿[38;2;197;115;147m⣿[38;2;193;120;154m⣿[38;2;189;125;162m⣷[38;2;185;130;169m⣶[38;2;181;135;176m⣶[38;2;177;140;184m⣾[38;2;173;145;191m⣿[38;2;170;150;198m⢃[38;2;166;155;206m⠄[38;2;162;161;213m⠂[38;2;158;166;220m⠀[38;2;154;171;228m⢁[38;2;150;176;235m⠀[38;2;146;181;242m⠠[38;2;142;186;250m⠁[38;2;138;188;253m⡀[38;2;135;184;247m⢂[38;2;132;179;242m⠈[38;2;128;175;237m⠄[38;2;125;170;232m⢁[38;2;121;166;226m⠠[38;2;118;161;221m⠐[38;2;114;157;216m⠈[38;2;111;153;210m⡀[38;2;108;148;205m⠄[38;2;104;144;200m⠡[38;2;101;139;195m⠐[38;2;97;135;189m⠀[38;2;94;130;184m⠄[38;2;91;126;179m⠁[0m
[38;2;152;125;181m⠀[38;2;158;121;174m⠂[38;2;163;116;167m⠄[38;2;168;112;159m⠐[38;2;173;107;152m⡈[38;2;179;103;145m⠠[38;2;184;99;137m⢀[38;2;189;94;130m⠂[38;2;195;90;123m⢁[38;2;200;85;115m⠈[38;2;205;81;108m⠄[38;2;210;76;101m⠠[38;2;216;72;93m⠁[38;2;221;68;86m⡀[38;2;226;63;79m⠂[38;2;232;59;71m⠄[38;2;237;54;64m⡈[38;2;242;50;57m⠄[38;2;247;45;49m⠀[38;2;253;41;42m⠸[38;2;252;43;44m⣷[38;2;248;48;52m⡞[38;2;244;53;59m⣿[38;2;240;58;66m⣿[38;2;236;63;74m⠿[38;2;232;68;81m⣻[38;2;228;74;88m⣿[38;2;224;79;96m⣿[38;2;221;84;103m⣿[38;2;217;89;110m⣿[38;2;213;94;118m⣿[38;2;209;99;125m⣿[38;2;205;104;132m⣿[38;2;201;109;140m⠹[38;2;197;115;147m⣿[38;2;193;120;154m⣿[38;2;189;125;162m⣿[38;2;185;130;169m⣿[38;2;181;135;176m⣿[38;2;177;140;184m⣿[38;2;173;145;191m⡿[38;2;170;150;198m⢡[38;2;166;155;206m⠁[38;2;162;161;213m⠀[38;2;158;166;220m⠀[38;2;154;171;228m⠠[38;2;150;176;235m⠀[38;2;146;181;242m⠀[38;2;142;186;250m⢀[38;2;138;188;253m⠂[38;2;135;184;247m⠐[38;2;132;179;242m⡀[38;2;128;175;237m⠄[38;2;125;170;232m⡈[38;2;121;166;226m⠠[38;2;118;161;221m⠀[38;2;114;157;216m⠂[38;2;111;153;210m⢁[38;2;108;148;205m⠠[38;2;104;144;200m⠐[38;2;101;139;195m⠀[38;2;97;135;189m⠂[38;2;94;130;184m⢁[38;2;91;126;179m⠠[38;2;87;122;173m⠁[0m
[38;2;158;121;174m⠀[38;2;163;116;167m⡈[38;2;168;112;159m⠀[38;2;173;107;152m⠆[38;2;179;103;145m⡀[38;2;184;99;137m⠁[38;2;189;94;130m⢀[38;2;195;90;123m⠰[38;2;200;85;115m⠀[38;2;205;81;108m⡈[38;2;210;76;101m⠀[38;2;216;72;93m⠆[38;2;221;68;86m⠁[38;2;226;63;79m⡀[38;2;232;59;71m⠆[38;2;237;54;64m⠰[38;2;242;50;57m⠀[38;2;247;45;49m⠰[38;2;253;41;42m⠀[38;2;252;43;44m⠀[38;2;248;48;52m⣇[38;2;244;53;59m⣿[38;2;240;58;66m⡾[38;2;236;63;74m⡿[38;2;232;68;81m⢇[38;2;228;74;88m⢶[38;2;224;79;96m⣿[38;2;221;84;103m⣿[38;2;217;89;110m⣿[38;2;213;94;118m⣿[38;2;209;99;125m⣿[38;2;205;104;132m⣿[38;2;201;109;140m⣿[38;2;197;115;147m⠀[38;2;193;120;154m⣿[38;2;189;125;162m⣿[38;2;185;130;169m⣿[38;2;181;135;176m⣿[38;2;177;140;184m⣿[38;2;173;145;191m⣿[38;2;170;150;198m⠷[38;2;166;155;206m⠁[38;2;162;161;213m⠀[38;2;158;166;220m⠀[38;2;154;171;228m⠀[38;2;150;176;235m⠆[38;2;146;181;242m⠀[38;2;142;186;250m⠀[38;2;138;188;253m⠀[38;2;135;184;247m⡈[38;2;132;179;242m⠀[38;2;128;175;237m⡀[38;2;125;170;232m⠰[38;2;121;166;226m⠀[38;2;118;161;221m⠁[38;2;114;157;216m⡀[38;2;111;153;210m⠁[38;2;108;148;205m⠆[38;2;104;144;200m⢀[38;2;101;139;195m⠀[38;2;97;135;189m⠁[38;2;94;130;184m⠰[38;2;91;126;179m⠀[38;2;87;122;173m⡀[38;2;84;117;168m⠆[0m
[38;2;163;116;167m⠀[38;2;168;112;159m⠄[38;2;173;107;152m⡈[38;2;179;103;145m⠄[38;2;184;99;137m⠐[38;2;189;94;130m⠈[38;2;195;90;123m⡀[38;2;200;85;115m⠐[38;2;205;81;108m⠠[38;2;210;76;101m⠐[38;2;216;72;93m⠈[38;2;221;68;86m⡀[38;2;226;63;79m⠂[38;2;232;59;71m⠄[38;2;237;54;64m⠠[38;2;242;50;57m⠁[38;2;247;45;49m⠂[38;2;253;41;42m⡁[38;2;252;43;44m⠌[38;2;248;48;52m⢀[38;2;244;53;59m⢸[38;2;240;58;66m⢸[38;2;236;63;74m⡷[38;2;232;68;81m⠘[38;2;228;74;88m⢎[38;2;224;79;96m⠢[38;2;221;84;103m⢕[38;2;217;89;110m⠝[38;2;213;94;118m⢿[38;2;209;99;125m⣿[38;2;205;104;132m⣿[38;2;201;109;140m⣿[38;2;197;115;147m⢿[38;2;193;120;154m⡷[38;2;189;125;162m⣿[38;2;185;130;169m⣿[38;2;181;135;176m⣿[38;2;177;140;184m⣿[38;2;173;145;191m⣿[38;2;170;150;198m⢍[38;2;166;155;206m⠔[38;2;162;161;213m⠁[38;2;158;166;220m⠀[38;2;154;171;228m⠠[38;2;150;176;235m⢀[38;2;146;181;242m⠀[38;2;142;186;250m⢀[38;2;138;188;253m⠀[38;2;135;184;247m⠂[38;2;132;179;242m⠄[38;2;128;175;237m⢁[38;2;125;170;232m⠐[38;2;121;166;226m⢀[38;2;118;161;221m⠡[38;2;114;157;216m⠐[38;2;111;153;210m⢀[38;2;108;148;205m⠐[38;2;104;144;200m⠀[38;2;101;139;195m⠂[38;2;97;135;189m⠠[38;2;94;130;184m⢈[38;2;91;126;179m⠀[38;2;87;122;173m⡁[38;2;84;117;168m⠠[38;2;80;113;163m⠀[0m
[38;2;168;112;159m⠀[38;2;173;107;152m⢂[38;2;179;103;145m⠠[38;2;184;99;137m⢀[38;2;189;94;130m⠁[38;2;195;90;123m⠂[38;2;200;85;115m⠄[38;2;205;81;108m⢁[38;2;210;76;101m⠂[38;2;216;72;93m⠌[38;2;221;68;86m⠐[38;2;226;63;79m⠀[38;2;232;59;71m⠡[38;2;237;54;64m⢀[38;2;242;50;57m⠁[38;2;247;45;49m⠂[38;2;253;41;42m⡁[38;2;252;43;44m⠠[38;2;248;48;52m⠐[38;2;244;53;59m⡀[38;2;240;58;66m⠀[38;2;236;63;74m⠃[38;2;232;68;81m⢳[38;2;228;74;88m⡱[38;2;224;79;96m⠀[38;2;221;84;103m⠁[38;2;217;89;110m⠀[38;2;213;94;118m⠹[38;2;209;99;125m⢿[38;2;205;104;132m⣾[38;2;201;109;140m⣿[38;2;197;115;147m⣿[38;2;193;120;154m⣿[38;2;189;125;162m⣿[38;2;185;130;169m⣿[38;2;181;135;176m⣿[38;2;177;140;184m⣿[38;2;173;145;191m⢟[38;2;170;150;198m⠑[38;2;166;155;206m⡁[38;2;162;161;213m⠀[38;2;158;166;220m⠀[38;2;154;171;228m⠀[38;2;150;176;235m⠀[38;2;146;181;242m⠀[38;2;142;186;250m⡀[38;2;138;188;253m⠂[38;2;135;184;247m⢈[38;2;132;179;242m⠐[38;2;128;175;237m⠈[38;2;125;170;232m⡀[38;2;121;166;226m⠐[38;2;118;161;221m⠠[38;2;114;157;216m⢀[38;2;111;153;210m⠂[38;2;108;148;205m⠄[38;2;104;144;200m⠂[38;2;101;139;195m⢁[38;2;97;135;189m⠈[38;2;94;130;184m⠄[38;2;91;126;179m⡀[38;2;87;122;173m⠂[38;2;84;117;168m⠠[38;2;80;113;163m⢀[38;2;77;108;158m⠁[0m
[38;2;173;107;152m⠀[38;2;179;103;145m⢂[38;2;184;99;137m⠀[38;2;189;94;130m⢂[38;2;195;90;123m⠈[38;2;200;85;115m⡐[38;2;205;81;108m⠈[38;2;210;76;101m⡀[38;2;216;72;93m⠄[38;2;221;68;86m⠂[38;2;226;63;79m⠌[38;2;232;59;71m⠠[38;2;237;54;64m⠁[38;2;242;50;57m⠠[38;2;247;45;49m⠈[38;2;253;41;42m⠐[38;2;252;43;44m⡀[38;2;248;48;52m⠁[38;2;244;53;59m⠄[38;2;240;58;66m⠠[38;2;236;63;74m⢁[38;2;232;68;81m⠀[38;2;228;74;88m⡀[38;2;224;79;96m⠁[38;2;221;84;103m⠑[38;2;217;89;110m⡀[38;2;213;94;118m⠀[38;2;209;99;125m⢢[38;2;205;104;132m⢹[38;2;201;109;140m⡿[38;2;197;115;147m⣿[38;2;193;120;154m⣿[38;2;189;125;162m⣿[38;2;185;130;169m⣿[38;2;181;135;176m⣿[38;2;177;140;184m⣿[38;2;173;145;191m⠛[38;2;170;150;198m⣫[38;2;166;155;206m⢂[38;2;162;161;213m⠐[38;2;158;166;220m⠀[38;2;154;171;228m⠀[38;2;150;176;235m⡀[38;2;146;181;242m⠀[38;2;142;186;250m⡐[38;2;138;188;253m⠀[38;2;135;184;247m⡁[38;2;132;179;242m⠂[38;2;128;175;237m⠈[38;2;125;170;232m⠄[38;2;121;166;226m⠠[38;2;118;161;221m⠁[38;2;114;157;216m⠂[38;2;111;153;210m⠄[38;2;108;148;205m⡀[38;2;104;144;200m⢂[38;2;101;139;195m⠈[38;2;97;135;189m⡀[38;2;94;130;184m⠄[38;2;91;126;179m⠂[38;2;87;122;173m⢀[38;2;84;117;168m⠂[38;2;80;113;163m⢁[38;2;77;108;158m⠠[38;2;74;104;152m⠀[0m
[38;2;179;103;145m⠀[38;2;184;99;137m⢂[38;2;189;94;130m⠈[38;2;195;90;123m⡀[38;2;200;85;115m⠐[38;2;205;81;108m⡀[38;2;210;76;101m⠐[38;2;216;72;93m⠠[38;2;221;68;86m⠐[38;2;226;63;79m⠈[38;2;232;59;71m⡀[38;2;237;54;64m⠂[38;2;242;50;57m⢁[38;2;247;45;49m⠂[38;2;253;41;42m⢁[38;2;252;43;44m⠂[38;2;248;48;52m⠠[38;2;244;53;59m⠁[38;2;240;58;66m⡈[38;2;236;63;74m⠄[38;2;232;68;81m⡀[38;2;228;74;88m⠂[38;2;224;79;96m⠐[38;2;221;84;103m⠠[38;2;217;89;110m⢀[38;2;213;94;118m⠀[38;2;209;99;125m⡀[38;2;205;104;132m⠀[38;2;201;109;140m⢸[38;2;197;115;147m⣿[38;2;193;120;154m⣟[38;2;189;125;162m⣝[38;2;185;130;169m⡻[38;2;181;135;176m⠿[38;2;177;140;184m⣋[38;2;173;145;191m⣵[38;2;170;150;198m⣾[38;2;166;155;206m⣿[38;2;162;161;213m⠀[38;2;158;166;220m⠀[38;2;154;171;228m⠀[38;2;150;176;235m⠠[38;2;146;181;242m⢀[38;2;142;186;250m⠐[38;2;138;188;253m⢀[38;2;135;184;247m⠂[38;2;132;179;242m⠄[38;2;128;175;237m⠁[38;2;125;170;232m⠌[38;2;121;166;226m⠐[38;2;118;161;221m⡀[38;2;114;157;216m⠡[38;2;111;153;210m⠈[38;2;108;148;205m⡀[38;2;104;144;200m⠐[38;2;101;139;195m⡀[38;2;97;135;189m⠐[38;2;94;130;184m⡀[38;2;91;126;179m⠐[38;2;87;122;173m⢈[38;2;84;117;168m⠀[38;2;80;113;163m⠄[38;2;77;108;158m⠂[38;2;74;104;152m⡀[38;2;70;99;147m⠂[0m
[38;2;184;99;137m⠀[38;2;189;94;130m⢂[38;2;195;90;123m⠠[38;2;200;85;115m⢀[38;2;205;81;108m⠁[38;2;210;76;101m⠠[38;2;216;72;93m⠁[38;2;221;68;86m⢂[38;2;226;63;79m⠈[38;2;232;59;71m⠐[38;2;237;54;64m⡀[38;2;242;50;57m⠡[38;2;247;45;49m⠀[38;2;253;41;42m⠂[38;2;252;43;44m⠄[38;2;248;48;52m⠂[38;2;244;53;59m⢁[38;2;240;58;66m⠐[38;2;236;63;74m⢀[38;2;232;68;81m⠐[38;2;228;74;88m⠀[38;2;224;79;96m⠡[38;2;221;84;103m⠈[38;2;217;89;110m⠄[38;2;213;94;118m⠂[38;2;209;99;125m⠐[38;2;205;104;132m⢠[38;2;201;109;140m⣴[38;2;197;115;147m⣀[38;2;193;120;154m⠌[38;2;189;125;162m⠉[38;2;185;130;169m⠙[38;2;181;135;176m⠛[38;2;177;140;184m⠛[38;2;173;145;191m⠛[38;2;170;150;198m⠉[38;2;166;155;206m⢀[38;2;162;161;213m⠀[38;2;158;166;220m⣄[38;2;154;171;228m⡐[38;2;150;176;235m⠈[38;2;146;181;242m⠄[38;2;142;186;250m⠂[38;2;138;188;253m⢈[38;2;135;184;247m⠀[38;2;132;179;242m⠄[38;2;128;175;237m⡈[38;2;125;170;232m⠐[38;2;121;166;226m⢈[38;2;118;161;221m⠠[38;2;114;157;216m⠐[38;2;111;153;210m⢀[38;2;108;148;205m⠁[38;2;104;144;200m⠠[38;2;101;139;195m⠁[38;2;97;135;189m⡀[38;2;94;130;184m⠂[38;2;91;126;179m⠄[38;2;87;122;173m⠁[38;2;84;117;168m⢂[38;2;80;113;163m⠀[38;2;77;108;158m⢂[38;2;74;104;152m⠐[38;2;70;99;147m⠀[38;2;67;95;142m⡁[0m
[38;2;189;94;130m⠀[38;2;195;90;123m⢂[38;2;200;85;115m⠀[38;2;205;81;108m⢂[38;2;210;76;101m⠈[38;2;216;72;93m⡐[38;2;221;68;86m⢀[38;2;226;63;79m⠂[38;2;232;59;71m⠈[38;2;237;54;64m⠄[38;2;242;50;57m⠐[38;2;247;45;49m⡀[38;2;253;41;42m⠡[38;2;252;43;44m⠈[38;2;248;48;52m⠠[38;2;244;53;59m⢈[38;2;240;58;66m⠀[38;2;236;63;74m⠂[38;2;232;68;81m⠄[38;2;228;74;88m⡈[38;2;224;79;96m⠄[38;2;221;84;103m⠁[38;2;217;89;110m⢂[38;2;213;94;118m⠐[38;2;209;99;125m⠈[38;2;205;104;132m⡐[38;2;201;109;140m⣼[38;2;197;115;147m⣿[38;2;193;120;154m⣽[38;2;189;125;162m⣿[38;2;185;130;169m⣿[38;2;181;135;176m⣶[38;2;177;140;184m⠀[38;2;173;145;191m⢂[38;2;170;150;198m⢠[38;2;166;155;206m⣶[38;2;162;161;213m⣷[38;2;158;166;220m⣾[38;2;154;171;228m⢿[38;2;150;176;235m⣿[38;2;146;181;242m⡀[38;2;142;186;250m⠐[38;2;138;188;253m⡈[38;2;135;184;247m⠀[38;2;132;179;242m⠌[38;2;128;175;237m⠀[38;2;125;170;232m⠄[38;2;121;166;226m⠁[38;2;118;161;221m⢂[38;2;114;157;216m⠀[38;2;111;153;210m⠂[38;2;108;148;205m⠄[38;2;104;144;200m⡈[38;2;101;139;195m⠐[38;2;97;135;189m⠠[38;2;94;130;184m⢀[38;2;91;126;179m⠡[38;2;87;122;173m⠀[38;2;84;117;168m⡁[38;2;80;113;163m⠂[38;2;77;108;158m⢈[38;2;74;104;152m⠠[38;2;70;99;147m⠀[38;2;67;95;142m⡁[38;2;63;91;136m⠀[0m
[38;2;195;90;123m⠀[38;2;200;85;115m⢂[38;2;205;81;108m⠈[38;2;210;76;101m⡀[38;2;216;72;93m⠐[38;2;221;68;86m⡀[38;2;226;63;79m⠄[38;2;232;59;71m⠂[38;2;237;54;64m⢁[38;2;242;50;57m⠐[38;2;247;45;49m⠠[38;2;253;41;42m⠐[38;2;252;43;44m⢀[38;2;248;48;52m⠁[38;2;244;53;59m⠂[38;2;240;58;66m⠄[38;2;236;63;74m⡈[38;2;232;68;81m⠐[38;2;228;74;88m⠠[38;2;224;79;96m⢀[38;2;221;84;103m⠂[38;2;217;89;110m⠡[38;2;213;94;118m⠀[38;2;209;99;125m⢂[38;2;205;104;132m⠐[38;2;201;109;140m⢰[38;2;197;115;147m⣿[38;2;193;120;154m⡿[38;2;189;125;162m⠙[38;2;185;130;169m⢿[38;2;181;135;176m⣿[38;2;177;140;184m⣿[38;2;173;145;191m⡈[38;2;170;150;198m⠄[38;2;166;155;206m⣾[38;2;162;161;213m⣿[38;2;158;166;220m⣿[38;2;154;171;228m⠿[38;2;150;176;235m⠻[38;2;146;181;242m⣿[38;2;142;186;250m⡇[38;2;138;188;253m⠀[38;2;135;184;247m⠄[38;2;132;179;242m⡁[38;2;128;175;237m⠂[38;2;125;170;232m⢁[38;2;121;166;226m⠈[38;2;118;161;221m⡐[38;2;114;157;216m⠀[38;2;111;153;210m⠌[38;2;108;148;205m⠐[38;2;104;144;200m⠠[38;2;101;139;195m⢀[38;2;97;135;189m⠁[38;2;94;130;184m⠂[38;2;91;126;179m⠄[38;2;87;122;173m⡐[38;2;84;117;168m⠠[38;2;80;113;163m⢀[38;2;77;108;158m⠁[38;2;74;104;152m⠂[38;2;70;99;147m⡀[38;2;67;95;142m⢂[38;2;63;91;136m⠀[38;2;60;86;131m⡁[0m
[38;2;200;85;115m⠀[38;2;205;81;108m⠂[38;2;210;76;101m⡄[38;2;216;72;93m⢠[38;2;221;68;86m⠁[38;2;226;63;79m⢠[38;2;232;59;71m⠐[38;2;237;54;64m⠈[38;2;242;50;57m⠀[38;2;247;45;49m⠂[38;2;253;41;42m⠁[38;2;252;43;44m⠐[38;2;248;48;52m⢠[38;2;244;53;59m⠈[38;2;240;58;66m⠐[38;2;236;63;74m⢠[38;2;232;68;81m⠀[38;2;228;74;88m⠁[38;2;224;79;96m⠂[38;2;221;84;103m⡄[38;2;217;89;110m⠐[38;2;213;94;118m⢠[38;2;209;99;125m⠁[38;2;205;104;132m⠀[38;2;201;109;140m⢨[38;2;197;115;147m⣾[38;2;193;120;154m⣿[38;2;189;125;162m⣷[38;2;185;130;169m⣤[38;2;181;135;176m⣤[38;2;177;140;184m⣿[38;2;173;145;191m⣿[38;2;170;150;198m⣿[38;2;166;155;206m⣿[38;2;162;161;213m⣿[38;2;158;166;220m⣿[38;2;154;171;228m⡇[38;2;150;176;235m⠀[38;2;146;181;242m⣤[38;2;142;186;250m⣽[38;2;138;188;253m⣿[38;2;135;184;247m⡄[38;2;132;179;242m⠐[38;2;128;175;237m⠀[38;2;125;170;232m⡌[38;2;121;166;226m⠀[38;2;118;161;221m⠐[38;2;114;157;216m⠀[38;2;111;153;210m⡌[38;2;108;148;205m⢠[38;2;104;144;200m⠈[38;2;101;139;195m⡄[38;2;97;135;189m⠂[38;2;94;130;184m⠈[38;2;91;126;179m⠐[38;2;87;122;173m⢠[38;2;84;117;168m⠀[38;2;80;113;163m⠂[38;2;77;108;158m⡄[38;2;74;104;152m⠈[38;2;70;99;147m⠐[38;2;67;95;142m⠀[38;2;63;91;136m⡄[38;2;60;86;131m⢠[38;2;57;82;126m⠀[0m
[38;2;205;81;108m⠀[38;2;210;76;101m⢂[38;2;216;72;93m⠀[38;2;221;68;86m⠂[38;2;226;63;79m⡐[38;2;232;59;71m⠠[38;2;237;54;64m⢀[38;2;242;50;57m⠂[38;2;247;45;49m⠡[38;2;253;41;42m⠐[38;2;252;43;44m⢈[38;2;248;48;52m⠀[38;2;244;53;59m⠂[38;2;240;58;66m⡐[38;2;236;63;74m⠀[38;2;232;68;81m⢂[38;2;228;74;88m⠈[38;2;224;79;96m⡐[38;2;221;84;103m⠠[38;2;217;89;110m⢀[38;2;213;94;118m⣡[38;2;209;99;125m⠀[38;2;205;104;132m⠤[38;2;201;109;140m⠉[38;2;197;115;147m⣼[38;2;193;120;154m⣯[38;2;189;125;162m⢾[38;2;185;130;169m⣿[38;2;181;135;176m⣿[38;2;177;140;184m⣿[38;2;173;145;191m⣿[38;2;170;150;198m⣿[38;2;166;155;206m⣿[38;2;162;161;213m⣿[38;2;158;166;220m⣿[38;2;154;171;228m⣿[38;2;150;176;235m⣿[38;2;146;181;242m⣿[38;2;142;186;250m⣿[38;2;138;188;253m⣷[38;2;135;184;247m⣝[38;2;132;179;242m⣷[38;2;128;175;237m⡀[38;2;125;170;232m⠀[38;2;121;166;226m⠀[38;2;118;161;221m⡈[38;2;114;157;216m⠄[38;2;111;153;210m⢁[38;2;108;148;205m⠀[38;2;104;144;200m⢂[38;2;101;139;195m⠠[38;2;97;135;189m⠀[38;2;94;130;184m⠂[38;2;91;126;179m⠌[38;2;87;122;173m⠀[38;2;84;117;168m⠄[38;2;80;113;163m⡈[38;2;77;108;158m⠠[38;2;74;104;152m⠐[38;2;70;99;147m⠈[38;2;67;95;142m⠠[38;2;63;91;136m⠐[38;2;60;86;131m⠀[38;2;57;82;126m⠄[38;2;53;77;121m⠂[0m
[38;2;210;76;101m⠀[38;2;216;72;93m⢂[38;2;221;68;86m⠈[38;2;226;63;79m⠐[38;2;232;59;71m⡀[38;2;237;54;64m⠐[38;2;242;50;57m⠠[38;2;247;45;49m⠐[38;2;253;41;42m⠠[38;2;252;43;44m⢈[38;2;248;48;52m⠀[38;2;244;53;59m⠄[38;2;240;58;66m⡁[38;2;236;63;74m⠄[38;2;232;68;81m⡈[38;2;228;74;88m⣠[38;2;224;79;96m⣦[38;2;221;84;103m⣶[38;2;217;89;110m⣿[38;2;213;94;118m⡿[38;2;209;99;125m⣣[38;2;205;104;132m⣼[38;2;201;109;140m⣀[38;2;197;115;147m⣵[38;2;193;120;154m⣿[38;2;189;125;162m⣿[38;2;185;130;169m⣿[38;2;181;135;176m⣿[38;2;177;140;184m⣽[38;2;173;145;191m⣿[38;2;170;150;198m⢿[38;2;166;155;206m⣿[38;2;162;161;213m⡿[38;2;158;166;220m⣿[38;2;154;171;228m⣿[38;2;150;176;235m⣿[38;2;146;181;242m⢿[38;2;142;186;250m⣿[38;2;138;188;253m⣯[38;2;135;184;247m⣿[38;2;132;179;242m⣿[38;2;128;175;237m⣿[38;2;125;170;232m⣧[38;2;121;166;226m⡐[38;2;118;161;221m⣠[38;2;114;157;216m⡹[38;2;111;153;210m⣷[38;2;108;148;205m⣦[38;2;104;144;200m⣌[38;2;101;139;195m⡀[38;2;97;135;189m⠐[38;2;94;130;184m⡈[38;2;91;126;179m⠄[38;2;87;122;173m⠂[38;2;84;117;168m⠡[38;2;80;113;163m⠐[38;2;77;108;158m⠀[38;2;74;104;152m⡁[38;2;70;99;147m⠄[38;2;67;95;142m⢁[38;2;63;91;136m⠂[38;2;60;86;131m⠁[38;2;57;82;126m⠌[38;2;53;77;121m⢀[38;2;50;73;115m⠂[0m
[38;2;216;72;93m⠀[38;2;221;68;86m⠂[38;2;226;63;79m⡈[38;2;232;59;71m⠄[38;2;237;54;64m⠠[38;2;242;50;57m⠁[38;2;247;45;49m⠂[38;2;253;41;42m⠄[38;2;252;43;44m⡁[38;2;248;48;52m⠠[38;2;244;53;59m⠈[38;2;240;58;66m⢄[38;2;236;63;74m⣤[38;2;232;68;81m⣾[38;2;228;74;88m⣿[38;2;224;79;96m⣿[38;2;221;84;103m⣿[38;2;217;89;110m⣿[38;2;213;94;118m⠋[38;2;209;99;125m⢄[38;2;205;104;132m⢂[38;2;201;109;140m⢩[38;2;197;115;147m⣾[38;2;193;120;154m⣿[38;2;189;125;162m⣿[38;2;185;130;169m⣿[38;2;181;135;176m⣿[38;2;177;140;184m⣿[38;2;173;145;191m⣿[38;2;170;150;198m⣿[38;2;166;155;206m⣿[38;2;162;161;213m⢿[38;2;158;166;220m⣿[38;2;154;171;228m⣿[38;2;150;176;235m⣿[38;2;146;181;242m⣵[38;2;142;186;250m⣿[38;2;138;188;253m⣿[38;2;135;184;247m⣿[38;2;132;179;242m⣿[38;2;128;175;237m⣿[38;2;125;170;232m⣿[38;2;121;166;226m⣿[38;2;118;161;221m⣷[38;2;114;157;216m⡍[38;2;111;153;210m⢉[38;2;108;148;205m⠄[38;2;104;144;200m⠹[38;2;101;139;195m⣿[38;2;97;135;189m⣿[38;2;94;130;184m⣷[38;2;91;126;179m⣦[38;2;87;122;173m⣔[38;2;84;117;168m⡈[38;2;80;113;163m⢀[38;2;77;108;158m⠂[38;2;74;104;152m⢁[38;2;70;99;147m⠀[38;2;67;95;142m⠂[38;2;63;91;136m⠄[38;2;60;86;131m⠂[38;2;57;82;126m⢁[38;2;53;77;121m⠐[38;2;50;73;115m⠠[38;2;46;68;110m⠀[0m
[38;2;221;68;86m⠀[38;2;226;63;79m⡁[38;2;232;59;71m⠄[38;2;237;54;64m⠠[38;2;242;50;57m⠁[38;2;247;45;49m⠄[38;2;253;41;42m⠡[38;2;252;43;44m⠐[38;2;248;48;52m⢀[38;2;244;53;59m⠁[38;2;240;58;66m⣴[38;2;236;63;74m⣿[38;2;232;68;81m⣿[38;2;228;74;88m⣿[38;2;224;79;96m⣿[38;2;221;84;103m⣿[38;2;217;89;110m⣿[38;2;213;94;118m⠃[38;2;209;99;125m⡐[38;2;205;104;132m⠈[38;2;201;109;140m⠄[38;2;197;115;147m⣼[38;2;193;120;154m⣿[38;2;189;125;162m⣿[38;2;185;130;169m⣿[38;2;181;135;176m⣿[38;2;177;140;184m⣿[38;2;173;145;191m⣿[38;2;170;150;198m⣿[38;2;166;155;206m⣿[38;2;162;161;213m⣿[38;2;158;166;220m⣿[38;2;154;171;228m⢻[38;2;150;176;235m⣿[38;2;146;181;242m⣫[38;2;142;186;250m⣿[38;2;138;188;253m⣿[38;2;135;184;247m⣿[38;2;132;179;242m⣿[38;2;128;175;237m⣿[38;2;125;170;232m⣿[38;2;121;166;226m⣿[38;2;118;161;221m⣿[38;2;114;157;216m⣿[38;2;111;153;210m⣯[38;2;108;148;205m⠀[38;2;104;144;200m⠌[38;2;101;139;195m⠄[38;2;97;135;189m⠹[38;2;94;130;184m⣿[38;2;91;126;179m⣿[38;2;87;122;173m⣿[38;2;84;117;168m⣿[38;2;80;113;163m⣿[38;2;77;108;158m⣦[38;2;74;104;152m⡀[38;2;70;99;147m⠂[38;2;67;95;142m⡈[38;2;63;91;136m⠐[38;2;60;86;131m⠠[38;2;57;82;126m⠁[38;2;53;77;121m⠂[38;2;50;73;115m⠈[38;2;46;68;110m⠄[38;2;43;64;105m⠂[0m
