[38;2;100;170;255m⠀[38;2;100;170;255m⠀[38;2;105;165;247m⠀[38;2;110;161;240m⠀[38;2;115;157;233m⠀[38;2;120;153;226m⠀[38;2;125;148;219m⠀[38;2;130;144;212m⠀[38;2;135;140;205m⠀[38;2;140;136;198m⠀[38;2;145;131;191m⠀[38;2;150;127;184m⠀[38;2;155;123;177m⠀[38;2;160;119;170m⠀[38;2;165;114;163m⠀[38;2;170;110;156m⠀[38;2;175;106;149m⠀[38;2;180;102;142m⠀[38;2;185;97;135m⠀[38;2;190;93;128m⠀[38;2;196;89;121m⠀[38;2;201;85;114m⠀[38;2;206;80;107m⠀[38;2;211;76;100m⠀[38;2;216;72;93m⠀[38;2;221;68;86m⠀[38;2;226;64;79m⠀[38;2;231;59;72m⠀[38;2;236;55;65m⠀[38;2;241;51;58m⠀[38;2;246;47;51m⠀[38;2;251;42;44m⠀[38;2;253;41;42m⠀[38;2;250;46;49m⠀[38;2;246;51;56m⠀[38;2;242;56;63m⠀[38;2;238;61;70m⠀[38;2;235;66;77m⠀[38;2;231;70;84m⠀[38;2;227;75;91m⠀[38;2;223;80;98m⠀[38;2;220;85;105m⠀[38;2;216;90;112m⠀[38;2;212;95;119m⠀[38;2;208;100;126m⠀[38;2;205;105;133m⠀[38;2;201;110;140m⠀[38;2;197;115;147m⠀[38;2;193;119;154m⠀[38;2;190;124;161m⠀[38;2;186;129;168m⠀[38;2;182;134;175m⠀[38;2;178;139;182m⠀[38;2;175;144;189m⠀[38;2;171;149;196m⠀[38;2;167;154;203m⠀[38;2;163;159;210m⠀[38;2;160;163;217m⠀[38;2;156;168;224m⠀[38;2;152;173;231m⠀[38;2;148;178;238m⡼[38;2;145;183;245m⢀[38;2;141;188;252m⠀[38;2;137;187;251m⠀[38;2;134;182;246m⠘[0m
[38;2;100;170;255m⠀[38;2;105;165;247m⠀[38;2;110;161;240m⠀[38;2;115;157;233m⠀[38;2;120;153;226m⠀[38;2;125;148;219m⠀[38;2;130;144;212m⠀[38;2;135;140;205m⠀[38;2;140;136;198m⠀[38;2;145;131;191m⠀[38;2;150;127;184m⠀[38;2;155;123;177m⠀[38;2;160;119;170m⠀[38;2;165;114;163m⠀[38;2;170;110;156m⠀[38;2;175;106;149m⠀[38;2;180;102;142m⠀[38;2;185;97;135m⠀[38;2;190;93;128m⠀[38;2;196;89;121m⠀[38;2;201;85;114m⠀[38;2;206;80;107m⠀[38;2;211;76;100m⠀[38;2;216;72;93m⠀[38;2;221;68;86m⠀[38;2;226;64;79m⠀[38;2;231;59;72m⠀[38;2;236;55;65m⠀[38;2;241;51;58m⠀[38;2;246;47;51m⠀[38;2;251;42;44m⠀[38;2;253;41;42m⠀[38;2;250;46;49m⠀[38;2;246;51;56m⠀[38;2;242;56;63m⠀[38;2;238;61;70m⠀[38;2;235;66;77m⠀[38;2;231;70;84m⠀[38;2;227;75;91m⠀[38;2;223;80;98m⠀[38;2;220;85;105m⠀[38;2;216;90;112m⠀[38;2;212;95;119m⠀[38;2;208;100;126m⠀[38;2;205;105;133m⠀[38;2;201;110;140m⠀[38;2;197;115;147m⠀[38;2;193;119;154m⠀[38;2;190;124;161m⠀[38;2;186;129;168m⠀[38;2;182;134;175m⠀[38;2;178;139;182m⠀[38;2;175;144;189m⠀[38;2;171;149;196m⠀[38;2;167;154;203m⠀[38;2;163;159;210m⠀[38;2;160;163;217m⠀[38;2;156;168;224m⠀[38;2;152;173;231m⠀[38;2;148;178;238m⣾[38;2;145;183;245m⣷[38;2;141;188;252m⡿[38;2;137;187;251m⠀[38;2;134;182;246m⣀[38;2;131;178;241m⣼[0m
[38;2;105;165;247m⠀[38;2;110;161;240m⠀[38;2;115;157;233m⠀[38;2;120;153;226m⠀[38;2;125;148;219m⠀[38;2;130;144;212m⠀[38;2;135;140;205m⠀[38;2;140;136;198m⠀[38;2;145;131;191m⠀[38;2;150;127;184m⠀[38;2;155;123;177m⠀[38;2;160;119;170m⠀[38;2;165;114;163m⠀[38;2;170;110;156m⠀[38;2;175;106;149m⠀[38;2;180;102;142m⠀[38;2;185;97;135m⠀[38;2;190;93;128m⠀[38;2;196;89;121m⠀[38;2;201;85;114m⠀[38;2;206;80;107m⠀[38;2;211;76;100m⠀[38;2;216;72;93m⠀[38;2;221;68;86m⠀[38;2;226;64;79m⠀[38;2;231;59;72m⠀[38;2;236;55;65m⠀[38;2;241;51;58m⠀[38;2;246;47;51m⠀[38;2;251;42;44m⠀[38;2;253;41;42m⠀[38;2;250;46;49m⠀[38;2;246;51;56m⠀[38;2;242;56;63m⠀[38;2;238;61;70m⠀[38;2;235;66;77m⠀[38;2;231;70;84m⠀[38;2;227;75;91m⠀[38;2;223;80;98m⠀[38;2;220;85;105m⠀[38;2;216;90;112m⠀[38;2;212;95;119m⠀[38;2;208;100;126m⠀[38;2;205;105;133m⠀[38;2;201;110;140m⠀[38;2;197;115;147m⠀[38;2;193;119;154m⠀[38;2;190;124;161m⠀[38;2;186;129;168m⠀[38;2;182;134;175m⠀[38;2;178;139;182m⠀[38;2;175;144;189m⠀[38;2;171;149;196m⠀[38;2;167;154;203m⠀[38;2;163;159;210m⠀[38;2;160;163;217m⠀[38;2;156;168;224m⠀[38;2;152;173;231m⢀[38;2;148;178;238m⣼[38;2;145;183;245m⢛[38;2;141;188;252m⣵[38;2;137;187;251m⣶[38;2;134;182;246m⣟[38;2;131;178;241m⣽[38;2;128;174;236m⣿[0m
[38;2;110;161;240m⠀[38;2;115;157;233m⠀[38;2;120;153;226m⠀[38;2;125;148;219m⠀[38;2;130;144;212m⠀[38;2;135;140;205m⠀[38;2;140;136;198m⠀[38;2;145;131;191m⠀[38;2;150;127;184m⠀[38;2;155;123;177m⠀[38;2;160;119;170m⠀[38;2;165;114;163m⠀[38;2;170;110;156m⠀[38;2;175;106;149m⠀[38;2;180;102;142m⠀[38;2;185;97;135m⠀[38;2;190;93;128m⠀[38;2;196;89;121m⠀[38;2;201;85;114m⠀[38;2;206;80;107m⠀[38;2;211;76;100m⠀[38;2;216;72;93m⠀[38;2;221;68;86m⠀[38;2;226;64;79m⠀[38;2;231;59;72m⠀[38;2;236;55;65m⠀[38;2;241;51;58m⠀[38;2;246;47;51m⠀[38;2;251;42;44m⠀[38;2;253;41;42m⠀[38;2;250;46;49m⠀[38;2;246;51;56m⠀[38;2;242;56;63m⠀[38;2;238;61;70m⠀[38;2;235;66;77m⠀[38;2;231;70;84m⠀[38;2;227;75;91m⠀[38;2;223;80;98m⠀[38;2;220;85;105m⠀[38;2;216;90;112m⠀[38;2;212;95;119m⠀[38;2;208;100;126m⠀[38;2;205;105;133m⠀[38;2;201;110;140m⠀[38;2;197;115;147m⠀[38;2;193;119;154m⠀[38;2;190;124;161m⠀[38;2;186;129;168m⠀[38;2;182;134;175m⠀[38;2;178;139;182m⠀[38;2;175;144;189m⠀[38;2;171;149;196m⠀[38;2;167;154;203m⠀[38;2;163;159;210m⠀[38;2;160;163;217m⠀[38;2;156;168;224m⠀[38;2;152;173;231m⡰[38;2;148;178;238m⢎[38;2;145;183;245m⣾[38;2;141;188;252m⣿[38;2;137;187;251m⣿[38;2;134;182;246m⣿[38;2;131;178;241m⣿[38;2;128;174;236m⣩[38;2;124;170;231m⠞[0m
[38;2;115;157;233m⠀[38;2;120;153;226m⠀[38;2;125;148;219m⠀[38;2;130;144;212m⠀[38;2;135;140;205m⠀[38;2;140;136;198m⠀[38;2;145;131;191m⠀[38;2;150;127;184m⠀[38;2;155;123;177m⠀[38;2;160;119;170m⠀[38;2;165;114;163m⠀[38;2;170;110;156m⠀[38;2;175;106;149m⠀[38;2;180;102;142m⠀[38;2;185;97;135m⠀[38;2;190;93;128m⠀[38;2;196;89;121m⠀[38;2;201;85;114m⠀[38;2;206;80;107m⠀[38;2;211;76;100m⠀[38;2;216;72;93m⠀[38;2;221;68;86m⠀[38;2;226;64;79m⠀[38;2;231;59;72m⠀[38;2;236;55;65m⠀[38;2;241;51;58m⠀[38;2;246;47;51m⠀[38;2;251;42;44m⠀[38;2;253;41;42m⠀[38;2;250;46;49m⠀[38;2;246;51;56m⠀[38;2;242;56;63m⠀[38;2;238;61;70m⠀[38;2;235;66;77m⠀[38;2;231;70;84m⠀[38;2;227;75;91m⠀[38;2;223;80;98m⠀[38;2;220;85;105m⠀[38;2;216;90;112m⠀[38;2;212;95;119m⠀[38;2;208;100;126m⠀[38;2;205;105;133m⠀[38;2;201;110;140m⠀[38;2;197;115;147m⠀[38;2;193;119;154m⠀[38;2;190;124;161m⠀[38;2;186;129;168m⠀[38;2;182;134;175m⠀[38;2;178;139;182m⠀[38;2;175;144;189m⠀[38;2;171;149;196m⠀[38;2;167;154;203m⠀[38;2;163;159;210m⠀[38;2;160;163;217m⠀[38;2;156;168;224m⠀[38;2;152;173;231m⣨[38;2;148;178;238m⣾[38;2;145;183;245m⣿[38;2;141;188;252m⣿[38;2;137;187;251m⣿[38;2;134;182;246m⣿[38;2;131;178;241m⠟[38;2;128;174;236m⠉[38;2;124;170;231m⠀[38;2;121;165;226m⠀[0m
[38;2;120;153;226m⠀[38;2;125;148;219m⠀[38;2;130;144;212m⠀[38;2;135;140;205m⠀[38;2;140;136;198m⠀[38;2;145;131;191m⠀[38;2;150;127;184m⠀[38;2;155;123;177m⠀[38;2;160;119;170m⠀[38;2;165;114;163m⠀[38;2;170;110;156m⠀[38;2;175;106;149m⠀[38;2;180;102;142m⠀[38;2;185;97;135m⡀[38;2;190;93;128m⠀[38;2;196;89;121m⠀[38;2;201;85;114m⠀[38;2;206;80;107m⠀[38;2;211;76;100m⠀[38;2;216;72;93m⠀[38;2;221;68;86m⠀[38;2;226;64;79m⠀[38;2;231;59;72m⠀[38;2;236;55;65m⠀[38;2;241;51;58m⠀[38;2;246;47;51m⠀[38;2;251;42;44m⠀[38;2;253;41;42m⠀[38;2;250;46;49m⠀[38;2;246;51;56m⠀[38;2;242;56;63m⠀[38;2;238;61;70m⠀[38;2;235;66;77m⠀[38;2;231;70;84m⠀[38;2;227;75;91m⠀[38;2;223;80;98m⠀[38;2;220;85;105m⠀[38;2;216;90;112m⠀[38;2;212;95;119m⠀[38;2;208;100;126m⠀[38;2;205;105;133m⠀[38;2;201;110;140m⠀[38;2;197;115;147m⠀[38;2;193;119;154m⠀[38;2;190;124;161m⠀[38;2;186;129;168m⠀[38;2;182;134;175m⠀[38;2;178;139;182m⠀[38;2;175;144;189m⠀[38;2;171;149;196m⠀[38;2;167;154;203m⠀[38;2;163;159;210m⠀[38;2;160;163;217m⢀[38;2;156;168;224m⣤[38;2;152;173;231m⣾[38;2;148;178;238m⣿[38;2;145;183;245m⣿[38;2;141;188;252m⣿[38;2;137;187;251m⡿[38;2;134;182;246m⠋[38;2;131;178;241m⠀[38;2;128;174;236m⠀[38;2;124;170;231m⠀[38;2;121;165;226m⠀[38;2;118;161;221m⠀[0m
[38;2;125;148;219m⠀[38;2;130;144;212m⠀[38;2;135;140;205m⠀[38;2;140;136;198m⠀[38;2;145;131;191m⠀[38;2;150;127;184m⠀[38;2;155;123;177m⠀[38;2;160;119;170m⠀[38;2;165;114;163m⠀[38;2;170;110;156m⠀[38;2;175;106;149m⠀[38;2;180;102;142m⠀[38;2;185;97;135m⠀[38;2;190;93;128m⠹[38;2;196;89;121m⡢[38;2;201;85;114m⣄[38;2;206;80;107m⠀[38;2;211;76;100m⠀[38;2;216;72;93m⠀[38;2;221;68;86m⠀[38;2;226;64;79m⠀[38;2;231;59;72m⠀[38;2;236;55;65m⠀[38;2;241;51;58m⠀[38;2;246;47;51m⠀[38;2;251;42;44m⠀[38;2;253;41;42m⠀[38;2;250;46;49m⠀[38;2;246;51;56m⠀[38;2;242;56;63m⠀[38;2;238;61;70m⠀[38;2;235;66;77m⠀[38;2;231;70;84m⠀[38;2;227;75;91m⠀[38;2;223;80;98m⠀[38;2;220;85;105m⠀[38;2;216;90;112m⠀[38;2;212;95;119m⠀[38;2;208;100;126m⠀[38;2;205;105;133m⠀[38;2;201;110;140m⠀[38;2;197;115;147m⠀[38;2;193;119;154m⠀[38;2;190;124;161m⠀[38;2;186;129;168m⠀[38;2;182;134;175m⠀[38;2;178;139;182m⠀[38;2;175;144;189m⠀[38;2;171;149;196m⠀[38;2;167;154;203m⠀[38;2;163;159;210m⠀[38;2;160;163;217m⣰[38;2;156;168;224m⣾[38;2;152;173;231m⣿[38;2;148;178;238m⣿[38;2;145;183;245m⡿[38;2;141;188;252m⠋[38;2;137;187;251m⠉[38;2;134;182;246m⠀[38;2;131;178;241m⠀[38;2;128;174;236m⠀[38;2;124;170;231m⠀[38;2;121;165;226m⠀[38;2;118;161;221m⠀[38;2;114;157;216m⠀[0m
[38;2;130;144;212m⠀[38;2;135;140;205m⠀[38;2;140;136;198m⠀[38;2;145;131;191m⠀[38;2;150;127;184m⠀[38;2;155;123;177m⠀[38;2;160;119;170m⠀[38;2;165;114;163m⠀[38;2;170;110;156m⠀[38;2;175;106;149m⠀[38;2;180;102;142m⠀[38;2;185;97;135m⠀[38;2;190;93;128m⠀[38;2;196;89;121m⠀[38;2;201;85;114m⠳[38;2;206;80;107m⡄[38;2;211;76;100m⠙[38;2;216;72;93m⠦[38;2;221;68;86m⣀[38;2;226;64;79m⠀[38;2;231;59;72m⠀[38;2;236;55;65m⠀[38;2;241;51;58m⠀[38;2;246;47;51m⠀[38;2;251;42;44m⠀[38;2;253;41;42m⠀[38;2;250;46;49m⠀[38;2;246;51;56m⠀[38;2;242;56;63m⠀[38;2;238;61;70m⠀[38;2;235;66;77m⠀[38;2;231;70;84m⠀[38;2;227;75;91m⠀[38;2;223;80;98m⠀[38;2;220;85;105m⠀[38;2;216;90;112m⠀[38;2;212;95;119m⠀[38;2;208;100;126m⠀[38;2;205;105;133m⠀[38;2;201;110;140m⠀[38;2;197;115;147m⠀[38;2;193;119;154m⠀[38;2;190;124;161m⠀[38;2;186;129;168m⠀[38;2;182;134;175m⠀[38;2;178;139;182m⠀[38;2;175;144;189m⠀[38;2;171;149;196m⠀[38;2;167;154;203m⢀[38;2;163;159;210m⣰[38;2;160;163;217m⣾[38;2;156;168;224m⣿[38;2;152;173;231m⣿[38;2;148;178;238m⢟[38;2;145;183;245m⣩[38;2;141;188;252m⣶[38;2;137;187;251m⠤[38;2;134;182;246m⠀[38;2;131;178;241m⠀[38;2;128;174;236m⠀[38;2;124;170;231m⠀[38;2;121;165;226m⠀[38;2;118;161;221m⠀[38;2;114;157;216m⠀[38;2;111;153;211m⠀[0m
[38;2;135;140;205m⠀[38;2;140;136;198m⠀[38;2;145;131;191m⠀[38;2;150;127;184m⠀[38;2;155;123;177m⠀[38;2;160;119;170m⠀[38;2;165;114;163m⠀[38;2;170;110;156m⠀[38;2;175;106;149m⠀[38;2;180;102;142m⠀[38;2;185;97;135m⠀[38;2;190;93;128m⠀[38;2;196;89;121m⠀[38;2;201;85;114m⠀[38;2;206;80;107m⠀[38;2;211;76;100m⠈[38;2;216;72;93m⢦[38;2;221;68;86m⠀[38;2;226;64;79m⠈[38;2;231;59;72m⠳[38;2;236;55;65m⣦[38;2;241;51;58m⡄[38;2;246;47;51m⠀[38;2;251;42;44m⠀[38;2;253;41;42m⠀[38;2;250;46;49m⠀[38;2;246;51;56m⠀[38;2;242;56;63m⠀[38;2;238;61;70m⠀[38;2;235;66;77m⠀[38;2;231;70;84m⠀[38;2;227;75;91m⠀[38;2;223;80;98m⠀[38;2;220;85;105m⠀[38;2;216;90;112m⠀[38;2;212;95;119m⠀[38;2;208;100;126m⠀[38;2;205;105;133m⠀[38;2;201;110;140m⠀[38;2;197;115;147m⠀[38;2;193;119;154m⠀[38;2;190;124;161m⠀[38;2;186;129;168m⠀[38;2;182;134;175m⠀[38;2;178;139;182m⠀[38;2;175;144;189m⠀[38;2;171;149;196m⢀[38;2;167;154;203m⣴[38;2;163;159;210m⣿[38;2;160;163;217m⣿[38;2;156;168;224m⠿[38;2;152;173;231m⠋[38;2;148;178;238m⠐[38;2;145;183;245m⠋[38;2;141;188;252m⠁[38;2;137;187;251m⠀[38;2;134;182;246m⠀[38;2;131;178;241m⠀[38;2;128;174;236m⠀[38;2;124;170;231m⠀[38;2;121;165;226m⠀[38;2;118;161;221m⠀[38;2;114;157;216m⠀[38;2;111;153;211m⠀[38;2;108;149;206m⠀[0m
[38;2;140;136;198m⠀[38;2;145;131;191m⠀[38;2;150;127;184m⠀[38;2;155;123;177m⠀[38;2;160;119;170m⠀[38;2;165;114;163m⠀[38;2;170;110;156m⠀[38;2;175;106;149m⠀[38;2;180;102;142m⠀[38;2;185;97;135m⠀[38;2;190;93;128m⠀[38;2;196;89;121m⠀[38;2;201;85;114m⠀[38;2;206;80;107m⢀[38;2;211;76;100m⡀[38;2;216;72;93m⠀[38;2;221;68;86m⠈[38;2;226;64;79m⢧[38;2;231;59;72m⠀[38;2;236;55;65m⠓[38;2;241;51;58m⠿[38;2;246;47;51m⠙[38;2;251;42;44m⣦[38;2;253;41;42m⣀[38;2;250;46;49m⠀[38;2;246;51;56m⠀[38;2;242;56;63m⠀[38;2;238;61;70m⠀[38;2;235;66;77m⠀[38;2;231;70;84m⠀[38;2;227;75;91m⠀[38;2;223;80;98m⠀[38;2;220;85;105m⠀[38;2;216;90;112m⠀[38;2;212;95;119m⠀[38;2;208;100;126m⠀[38;2;205;105;133m⠀[38;2;201;110;140m⠀[38;2;197;115;147m⠀[38;2;193;119;154m⠀[38;2;190;124;161m⠀[38;2;186;129;168m⠀[38;2;182;134;175m⠀[38;2;178;139;182m⠀[38;2;175;144;189m⢀[38;2;171;149;196m⣴[38;2;167;154;203m⣿[38;2;163;159;210m⡿[38;2;160;163;217m⠛[38;2;156;168;224m⠁[38;2;152;173;231m⠀[38;2;148;178;238m⠀[38;2;145;183;245m⠀[38;2;141;188;252m⠀[38;2;137;187;251m⠀[38;2;134;182;246m⠀[38;2;131;178;241m⠀[38;2;128;174;236m⠀[38;2;124;170;231m⠀[38;2;121;165;226m⠀[38;2;118;161;221m⠀[38;2;114;157;216m⠀[38;2;111;153;211m⠀[38;2;108;149;206m⠀[38;2;105;144;201m⠀[0m
[38;2;145;131;191m⢀[38;2;150;127;184m⣀[38;2;155;123;177m⡀[38;2;160;119;170m⠀[38;2;165;114;163m⠀[38;2;170;110;156m⠀[38;2;175;106;149m⠀[38;2;180;102;142m⠀[38;2;185;97;135m⠀[38;2;190;93;128m⠀[38;2;196;89;121m⠀[38;2;201;85;114m⠀[38;2;206;80;107m⠀[38;2;211;76;100m⠀[38;2;216;72;93m⠙[38;2;221;68;86m⢖[38;2;226;64;79m⢤[38;2;231;59;72m⡈[38;2;236;55;65m⠳[38;2;241;51;58m⡄[38;2;246;47;51m⠀[38;2;251;42;44m⠀[38;2;253;41;42m⠈[38;2;250;46;49m⢷[38;2;246;51;56m⣧[38;2;242;56;63m⠀[38;2;238;61;70m⠀[38;2;235;66;77m⠀[38;2;231;70;84m⠀[38;2;227;75;91m⠀[38;2;223;80;98m⠀[38;2;220;85;105m⠀[38;2;216;90;112m⠀[38;2;212;95;119m⠀[38;2;208;100;126m⠀[38;2;205;105;133m⠀[38;2;201;110;140m⠀[38;2;197;115;147m⢀[38;2;193;119;154m⢀[38;2;190;124;161m⡀[38;2;186;129;168m⠀[38;2;182;134;175m⠀[38;2;178;139;182m⢀[38;2;175;144;189m⣴[38;2;171;149;196m⣿[38;2;167;154;203m⣿[38;2;163;159;210m⡯[38;2;160;163;217m⠖[38;2;156;168;224m⠉[38;2;152;173;231m⠀[38;2;148;178;238m⠀[38;2;145;183;245m⠀[38;2;141;188;252m⠀[38;2;137;187;251m⠀[38;2;134;182;246m⠀[38;2;131;178;241m⠀[38;2;128;174;236m⠀[38;2;124;170;231m⠀[38;2;121;165;226m⠀[38;2;118;161;221m⠀[38;2;114;157;216m⠀[38;2;111;153;211m⠀[38;2;108;149;206m⠀[38;2;105;144;201m⠀[38;2;101;140;196m⠀[0m
[38;2;150;127;184m⠀[38;2;155;123;177m⠙[38;2;160;119;170m⢯[38;2;165;114;163m⡉[38;2;170;110;156m⠙[38;2;175;106;149m⠒[38;2;180;102;142m⠒[38;2;185;97;135m⢒[38;2;190;93;128m⣢[38;2;196;89;121m⣤[38;2;201;85;114m⣦[38;2;206;80;107m⣤[38;2;211;76;100m⠤[38;2;216;72;93m⣀[38;2;221;68;86m⣀[38;2;226;64;79m⣀[38;2;231;59;72m⣑[38;2;236;55;65m⣼[38;2;241;51;58m⡳[38;2;246;47;51m⣜[38;2;251;42;44m⣦[38;2;253;41;42m⡀[38;2;250;46;49m⠈[38;2;246;51;56m⠉[38;2;242;56;63m⠉[38;2;238;61;70m⢣[38;2;235;66;77m⡀[38;2;231;70;84m⠀[38;2;227;75;91m⠀[38;2;223;80;98m⠀[38;2;220;85;105m⠀[38;2;216;90;112m⠀[38;2;212;95;119m⠀[38;2;208;100;126m⠀[38;2;205;105;133m⣠[38;2;201;110;140m⣦[38;2;197;115;147m⠾[38;2;193;119;154m⢉[38;2;190;124;161m⣿[38;2;186;129;168m⢇[38;2;182;134;175m⠀[38;2;178;139;182m⣴[38;2;175;144;189m⠿[38;2;171;149;196m⠋[38;2;167;154;203m⠛[38;2;163;159;210m⠁[38;2;160;163;217m⠀[38;2;156;168;224m⠀[38;2;152;173;231m⠀[38;2;148;178;238m⠀[38;2;145;183;245m⠀[38;2;141;188;252m⠀[38;2;137;187;251m⠀[38;2;134;182;246m⠀[38;2;131;178;241m⠀[38;2;128;174;236m⠀[38;2;124;170;231m⠀[38;2;121;165;226m⠀[38;2;118;161;221m⠀[38;2;114;157;216m⠀[38;2;111;153;211m⠀[38;2;108;149;206m⠀[38;2;105;144;201m⠀[38;2;101;140;196m⠀[38;2;98;136;190m⠀[0m
[38;2;155;123;177m⠀[38;2;160;119;170m⠀[38;2;165;114;163m⠀[38;2;170;110;156m⠙[38;2;175;106;149m⠲[38;2;180;102;142m⣄[38;2;185;97;135m⡘[38;2;190;93;128m⠁[38;2;196;89;121m⠀[38;2;201;85;114m⠀[38;2;206;80;107m⠀[38;2;211;76;100m⠐[38;2;216;72;93m⠋[38;2;221;68;86m⠀[38;2;226;64;79m⢠[38;2;231;59;72m⠒[38;2;236;55;65m⠦[38;2;241;51;58m⢭[38;2;246;47;51m⣙[38;2;251;42;44m⡳[38;2;253;41;42m⢍[38;2;250;46;49m⣿[38;2;246;51;56m⣶[38;2;242;56;63m⣄[38;2;238;61;70m⠈[38;2;235;66;77m⠒[38;2;231;70;84m⠵[38;2;227;75;91m⣄[38;2;223;80;98m⠀[38;2;220;85;105m⠀[38;2;216;90;112m⠀[38;2;212;95;119m⠀[38;2;208;100;126m⠀[38;2;205;105;133m⠀[38;2;201;110;140m⣾[38;2;197;115;147m⣻[38;2;193;119;154m⣾[38;2;190;124;161m⣾[38;2;186;129;168m⣧[38;2;182;134;175m⣦[38;2;178;139;182m⣿[38;2;175;144;189m⣅[38;2;171;149;196m⠀[38;2;167;154;203m⠀[38;2;163;159;210m⠀[38;2;160;163;217m⠀[38;2;156;168;224m⠀[38;2;152;173;231m⠀[38;2;148;178;238m⠀[38;2;145;183;245m⠀[38;2;141;188;252m⠀[38;2;137;187;251m⠀[38;2;134;182;246m⠀[38;2;131;178;241m⠀[38;2;128;174;236m⠀[38;2;124;170;231m⠀[38;2;121;165;226m⠀[38;2;118;161;221m⠀[38;2;114;157;216m⠀[38;2;111;153;211m⠀[38;2;108;149;206m⠀[38;2;105;144;201m⠀[38;2;101;140;196m⠀[38;2;98;136;190m⠀[38;2;95;132;185m⠀[0m
[38;2;160;119;170m⠀[38;2;165;114;163m⠀[38;2;170;110;156m⠀[38;2;175;106;149m⠀[38;2;180;102;142m⠀[38;2;185;97;135m⠀[38;2;190;93;128m⠉[38;2;196;89;121m⠓[38;2;201;85;114m⠲[38;2;206;80;107m⠤[38;2;211;76;100m⠤[38;2;216;72;93m⠔[38;2;221;68;86m⠢[38;2;226;64;79m⣄[38;2;231;59;72m⠀[38;2;236;55;65m⠀[38;2;241;51;58m⠀[38;2;246;47;51m⠤[38;2;251;42;44m⢴[38;2;253;41;42m⣿[38;2;250;46;49m⣟[38;2;246;51;56m⣊[38;2;242;56;63m⣉[38;2;238;61;70m⣛[38;2;235;66;77m⣳[38;2;231;70;84m⠦[38;2;227;75;91m⢄[38;2;223;80;98m⣈[38;2;220;85;105m⠓[38;2;216;90;112m⠦[38;2;212;95;119m⢄[38;2;208;100;126m⡀[38;2;205;105;133m⠀[38;2;201;110;140m⠀[38;2;197;115;147m⢻[38;2;193;119;154m⢱[38;2;190;124;161m⣿[38;2;186;129;168m⠛[38;2;182;134;175m⢁[38;2;178;139;182m⠉[38;2;175;144;189m⠁[38;2;171;149;196m⠘[38;2;167;154;203m⠳[38;2;163;159;210m⡦[38;2;160;163;217m⡤[38;2;156;168;224m⡄[38;2;152;173;231m⠀[38;2;148;178;238m⠀[38;2;145;183;245m⠀[38;2;141;188;252m⠀[38;2;137;187;251m⠀[38;2;134;182;246m⠀[38;2;131;178;241m⠀[38;2;128;174;236m⠀[38;2;124;170;231m⠀[38;2;121;165;226m⠀[38;2;118;161;221m⠀[38;2;114;157;216m⠀[38;2;111;153;211m⠀[38;2;108;149;206m⠀[38;2;105;144;201m⠀[38;2;101;140;196m⠀[38;2;98;136;190m⠀[38;2;95;132;185m⠀[38;2;92;127;180m⠀[0m
[38;2;165;114;163m⠀[38;2;170;110;156m⠀[38;2;175;106;149m⠀[38;2;180;102;142m⠀[38;2;185;97;135m⠀[38;2;190;93;128m⠀[38;2;196;89;121m⠀[38;2;201;85;114m⠀[38;2;206;80;107m⠀[38;2;211;76;100m⠀[38;2;216;72;93m⠀[38;2;221;68;86m⠀[38;2;226;64;79m⠀[38;2;231;59;72m⠈[38;2;236;55;65m⠓[38;2;241;51;58m⠤[38;2;246;47;51m⠤[38;2;251;42;44m⢈[38;2;253;41;42m⣁[38;2;250;46;49m⣀[38;2;246;51;56m⡀[38;2;242;56;63m⡀[38;2;238;61;70m⠀[38;2;235;66;77m⠀[38;2;231;70;84m⣀[38;2;227;75;91m⣉[38;2;223;80;98m⠁[38;2;220;85;105m⠒[38;2;216;90;112m⣭[38;2;212;95;119m⣓[38;2;208;100;126m⠦[38;2;205;105;133m⢌[38;2;201;110;140m⣒[38;2;197;115;147m⣶[38;2;193;119;154m⠶[38;2;190;124;161m⠿[38;2;186;129;168m⢻[38;2;182;134;175m⡆[38;2;178;139;182m⠈[38;2;175;144;189m⢿[38;2;171;149;196m⣤[38;2;167;154;203m⣀[38;2;163;159;210m⣠[38;2;160;163;217m⠇[38;2;156;168;224m⡿[38;2;152;173;231m⡞[38;2;148;178;238m⠀[38;2;145;183;245m⠀[38;2;141;188;252m⠀[38;2;137;187;251m⠀[38;2;134;182;246m⠀[38;2;131;178;241m⠀[38;2;128;174;236m⠀[38;2;124;170;231m⠀[38;2;121;165;226m⠀[38;2;118;161;221m⠀[38;2;114;157;216m⠀[38;2;111;153;211m⠀[38;2;108;149;206m⠀[38;2;105;144;201m⠀[38;2;101;140;196m⠀[38;2;98;136;190m⠀[38;2;95;132;185m⠀[38;2;92;127;180m⠀[38;2;88;123;175m⠀[0m
[38;2;170;110;156m⠀[38;2;175;106;149m⠀[38;2;180;102;142m⠀[38;2;185;97;135m⠀[38;2;190;93;128m⠀[38;2;196;89;121m⠀[38;2;201;85;114m⠀[38;2;206;80;107m⠀[38;2;211;76;100m⠀[38;2;216;72;93m⠀[38;2;221;68;86m⠀[38;2;226;64;79m⠀[38;2;231;59;72m⠀[38;2;236;55;65m⠀[38;2;241;51;58m⣀[38;2;246;47;51m⡤[38;2;251;42;44m⠤[38;2;253;41;42m⠒[38;2;250;46;49m⠊[38;2;246;51;56m⠉[38;2;242;56;63m⠉[38;2;238;61;70m⠉[38;2;235;66;77m⠉[38;2;231;70;84m⠙[38;2;227;75;91m⠉[38;2;223;80;98m⠙[38;2;220;85;105m⠋[38;2;216;90;112m⠙[38;2;212;95;119m⠛[38;2;208;100;126m⣛[38;2;205;105;133m⣓[38;2;201;110;140m⣶[38;2;197;115;147m⣶[38;2;193;119;154m⣶[38;2;190;124;161m⡶[38;2;186;129;168m⠭[38;2;182;134;175m⣛[38;2;178;139;182m⣿[38;2;175;144;189m⣦[38;2;171;149;196m⠂[38;2;167;154;203m⠻[38;2;163;159;210m⣟[38;2;160;163;217m⠀[38;2;156;168;224m⢰[38;2;152;173;231m⡿[38;2;148;178;238m⣥[38;2;145;183;245m⠀[38;2;141;188;252m⠀[38;2;137;187;251m⠀[38;2;134;182;246m⠀[38;2;131;178;241m⠀[38;2;128;174;236m⠀[38;2;124;170;231m⠀[38;2;121;165;226m⠀[38;2;118;161;221m⠀[38;2;114;157;216m⠀[38;2;111;153;211m⠀[38;2;108;149;206m⠀[38;2;105;144;201m⠀[38;2;101;140;196m⠀[38;2;98;136;190m⠀[38;2;95;132;185m⠀[38;2;92;127;180m⠀[38;2;88;123;175m⠀[38;2;85;119;170m⠀[0m
[38;2;175;106;149m⠀[38;2;180;102;142m⠀[38;2;185;97;135m⠀[38;2;190;93;128m⠀[38;2;196;89;121m⠀[38;2;201;85;114m⠀[38;2;206;80;107m⠀[38;2;211;76;100m⠀[38;2;216;72;93m⣠[38;2;221;68;86m⣤[38;2;226;64;79m⣖[38;2;231;59;72m⣒[38;2;236;55;65m⡊[38;2;241;51;58m⣭[38;2;246;47;51m⠄[38;2;251;42;44m⠀[38;2;253;41;42m⠀[38;2;250;46;49m⢀[38;2;246;51;56m⡠[38;2;242;56;63m⠴[38;2;238;61;70m⠒[38;2;235;66;77m⠪[38;2;231;70;84m⡿[38;2;227;75;91m⠋[38;2;223;80;98m⣹[38;2;220;85;105m⣷[38;2;216;90;112m⣤[38;2;212;95;119m⡶[38;2;208;100;126m⢷[38;2;205;105;133m⣿[38;2;201;110;140m⢿[38;2;197;115;147m⡟[38;2;193;119;154m⠋[38;2;190;124;161m⣡[38;2;186;129;168m⣴[38;2;182;134;175m⢿[38;2;178;139;182m⢿[38;2;175;144;189m⣿[38;2;171;149;196m⣿[38;2;167;154;203m⣿[38;2;163;159;210m⣦[38;2;160;163;217m⣜[38;2;156;168;224m⠷[38;2;152;173;231m⢟[38;2;148;178;238m⣁[38;2;145;183;245m⣹[38;2;141;188;252m⣝[38;2;137;187;251m⣆[38;2;134;182;246m⡀[38;2;131;178;241m⠀[38;2;128;174;236m⠀[38;2;124;170;231m⠀[38;2;121;165;226m⠀[38;2;118;161;221m⠀[38;2;114;157;216m⠀[38;2;111;153;211m⠀[38;2;108;149;206m⠀[38;2;105;144;201m⠀[38;2;101;140;196m⠀[38;2;98;136;190m⠀[38;2;95;132;185m⠀[38;2;92;127;180m⠀[38;2;88;123;175m⠀[38;2;85;119;170m⠀[38;2;82;115;165m⠀[0m
[38;2;180;102;142m⠀[38;2;185;97;135m⠀[38;2;190;93;128m⠀[38;2;196;89;121m⠀[38;2;201;85;114m⠀[38;2;206;80;107m⠀[38;2;211;76;100m⠀[38;2;216;72;93m⠀[38;2;221;68;86m⠀[38;2;226;64;79m⣀[38;2;231;59;72m⡠[38;2;236;55;65m⣔[38;2;241;51;58m⣯[38;2;246;47;51m⡶[38;2;251;42;44m⣂[38;2;253;41;42m⠤[38;2;250;46;49m⠚[38;2;246;51;56m⠉[38;2;242;56;63m⢀[38;2;238;61;70m⣀[38;2;235;66;77m⣤[38;2;231;70;84m⠮[38;2;227;75;91m⠗[38;2;223;80;98m⠚[38;2;220;85;105m⣋[38;2;216;90;112m⠭[38;2;212;95;119m⠚[38;2;208;100;126m⢁[38;2;205;105;133m⠤[38;2;201;110;140m⠞[38;2;197;115;147m⠋[38;2;193;119;154m⣠[38;2;190;124;161m⢾[38;2;186;129;168m⣿[38;2;182;134;175m⢱[38;2;178;139;182m⢃[38;2;175;144;189m⢟[38;2;171;149;196m⣿[38;2;167;154;203m⣿[38;2;163;159;210m⠃[38;2;160;163;217m⢸[38;2;156;168;224m⣿[38;2;152;173;231m⣷[38;2;148;178;238m⣄[38;2;145;183;245m⣀[38;2;141;188;252m⣈[38;2;137;187;251m⣍[38;2;134;182;246m⠛[38;2;131;178;241m⠮[38;2;128;174;236m⠷[38;2;124;170;231m⢲[38;2;121;165;226m⠾[38;2;118;161;221m⣴[38;2;114;157;216m⡷[38;2;111;153;211m⠀[38;2;108;149;206m⠀[38;2;105;144;201m⠀[38;2;101;140;196m⠀[38;2;98;136;190m⠀[38;2;95;132;185m⠀[38;2;92;127;180m⠀[38;2;88;123;175m⠀[38;2;85;119;170m⠀[38;2;82;115;165m⠀[38;2;79;110;160m⠀[0m
[38;2;185;97;135m⠀[38;2;190;93;128m⠀[38;2;196;89;121m⠀[38;2;201;85;114m⠀[38;2;206;80;107m⠀[38;2;211;76;100m⢀[38;2;216;72;93m⣠[38;2;221;68;86m⣔[38;2;226;64;79m⠯[38;2;231;59;72m⠓[38;2;236;55;65m⢉[38;2;241;51;58m⣽[38;2;246;47;51m⠟[38;2;251;42;44m⠋[38;2;253;41;42m⠀[38;2;250;46;49m⢀[38;2;246;51;56m⣀[38;2;242;56;63m⣠[38;2;238;61;70m⢞[38;2;235;66;77m⣵[38;2;231;70;84m⡾[38;2;227;75;91m⣠[38;2;223;80;98m⠖[38;2;220;85;105m⠈[38;2;216;90;112m⠀[38;2;212;95;119m⠀[38;2;208;100;126m⠀[38;2;205;105;133m⠀[38;2;201;110;140m⠀[38;2;197;115;147m⡠[38;2;193;119;154m⣺[38;2;190;124;161m⣵[38;2;186;129;168m⢫[38;2;182;134;175m⣻[38;2;178;139;182m⠇[38;2;175;144;189m⡼[38;2;171;149;196m⢸[38;2;167;154;203m⣇[38;2;163;159;210m⢻[38;2;160;163;217m⠀[38;2;156;168;224m⡼[38;2;152;173;231m⢤[38;2;148;178;238m⠈[38;2;145;183;245m⠑[38;2;141;188;252m⠃[38;2;137;187;251m⡜[38;2;134;182;246m⠀[38;2;131;178;241m⠀[38;2;128;174;236m⠀[38;2;124;170;231m⠉[38;2;121;165;226m⠉[38;2;118;161;221m⠉[38;2;114;157;216m⠁[38;2;111;153;211m⠀[38;2;108;149;206m⠀[38;2;105;144;201m⠀[38;2;101;140;196m⠀[38;2;98;136;190m⠀[38;2;95;132;185m⠀[38;2;92;127;180m⠀[38;2;88;123;175m⠀[38;2;85;119;170m⠀[38;2;82;115;165m⠀[38;2;79;110;160m⠀[38;2;75;106;155m⠀[0m
[38;2;190;93;128m⠀[38;2;196;89;121m⠀[38;2;201;85;114m⢀[38;2;206;80;107m⣤[38;2;211;76;100m⠾[38;2;216;72;93m⠛[38;2;221;68;86m⠉[38;2;226;64;79m⠀[38;2;231;59;72m⠀[38;2;236;55;65m⢐[38;2;241;51;58m⣫[38;2;246;47;51m⠴[38;2;251;42;44m⠚[38;2;253;41;42m⠉[38;2;250;46;49m⠉[38;2;246;51;56m⢉[38;2;242;56;63m⣟[38;2;238;61;70m⡵[38;2;235;66;77m⠋[38;2;231;70;84m⠞[38;2;227;75;91m⠀[38;2;223;80;98m⠀[38;2;220;85;105m⠀[38;2;216;90;112m⠀[38;2;212;95;119m⠀[38;2;208;100;126m⠀[38;2;205;105;133m⢀[38;2;201;110;140m⣠[38;2;197;115;147m⣴[38;2;193;119;154m⡫[38;2;190;124;161m⡻[38;2;186;129;168m⣣[38;2;182;134;175m⡸[38;2;178;139;182m⠙[38;2;175;144;189m⠀[38;2;171;149;196m⢻[38;2;167;154;203m⢸[38;2;163;159;210m⡗[38;2;160;163;217m⢏[38;2;156;168;224m⡾[38;2;152;173;231m⠁[38;2;148;178;238m⢘[38;2;145;183;245m⠀[38;2;141;188;252m⡀[38;2;137;187;251m⣴[38;2;134;182;246m⠃[38;2;131;178;241m⠀[38;2;128;174;236m⠀[38;2;124;170;231m⠀[38;2;121;165;226m⠀[38;2;118;161;221m⠀[38;2;114;157;216m⠀[38;2;111;153;211m⠀[38;2;108;149;206m⠀[38;2;105;144;201m⠀[38;2;101;140;196m⠀[38;2;98;136;190m⠀[38;2;95;132;185m⠀[38;2;92;127;180m⠀[38;2;88;123;175m⠀[38;2;85;119;170m⠀[38;2;82;115;165m⠀[38;2;79;110;160m⠀[38;2;75;106;155m⠀[38;2;72;102;150m⠀[0m
[38;2;196;89;121m⠀[38;2;201;85;114m⠈[38;2;206;80;107m⠉[38;2;211;76;100m⠀[38;2;216;72;93m⠀[38;2;221;68;86m⠀[38;2;226;64;79m⠀[38;2;231;59;72m⠴[38;2;236;55;65m⠚[38;2;241;51;58m⠉[38;2;246;47;51m⠀[38;2;251;42;44m⠀[38;2;253;41;42m⠀[38;2;250;46;49m⢀[38;2;246;51;56m⡴[38;2;242;56;63m⠋[38;2;238;61;70m⠋[38;2;235;66;77m⠀[38;2;231;70;84m⠀[38;2;227;75;91m⠀[38;2;223;80;98m⠀[38;2;220;85;105m⠀[38;2;216;90;112m⣀[38;2;212;95;119m⣠[38;2;208;100;126m⢴[38;2;205;105;133m⠖[38;2;201;110;140m⠋[38;2;197;115;147m⣴[38;2;193;119;154m⣿[38;2;190;124;161m⣯[38;2;186;129;168m⢞[38;2;182;134;175m⡽[38;2;178;139;182m⣣[38;2;175;144;189m⠇[38;2;171;149;196m⡰[38;2;167;154;203m⠏[38;2;163;159;210m⣸[38;2;160;163;217m⡷[38;2;156;168;224m⠋[38;2;152;173;231m⠀[38;2;148;178;238m⠀[38;2;145;183;245m⢨[38;2;141;188;252m⡴[38;2;137;187;251m⣩[38;2;134;182;246m⠇[38;2;131;178;241m⠀[38;2;128;174;236m⠀[38;2;124;170;231m⠀[38;2;121;165;226m⠀[38;2;118;161;221m⠀[38;2;114;157;216m⠀[38;2;111;153;211m⠀[38;2;108;149;206m⠀[38;2;105;144;201m⠀[38;2;101;140;196m⠀[38;2;98;136;190m⠀[38;2;95;132;185m⠀[38;2;92;127;180m⠀[38;2;88;123;175m⠀[38;2;85;119;170m⠀[38;2;82;115;165m⠀[38;2;79;110;160m⠀[38;2;75;106;155m⠀[38;2;72;102;150m⠀[38;2;69;98;145m⠀[0m
[38;2;201;85;114m⠀[38;2;206;80;107m⠀[38;2;211;76;100m⠀[38;2;216;72;93m⠀[38;2;221;68;86m⠀[38;2;226;64;79m⠀[38;2;231;59;72m⠀[38;2;236;55;65m⠀[38;2;241;51;58m⠀[38;2;246;47;51m⠀[38;2;251;42;44m⠀[38;2;253;41;42m⢀[38;2;250;46;49m⠔[38;2;246;51;56m⠋[38;2;242;56;63m⠀[38;2;238;61;70m⠀[38;2;235;66;77m⠀[38;2;231;70;84m⣀[38;2;227;75;91m⣤[38;2;223;80;98m⠶[38;2;220;85;105m⢝[38;2;216;90;112m⡲[38;2;212;95;119m⣿[38;2;208;100;126m⠟[38;2;205;105;133m⢁[38;2;201;110;140m⣠[38;2;197;115;147m⣾[38;2;193;119;154m⠟[38;2;190;124;161m⠁[38;2;186;129;168m⡀[38;2;182;134;175m⠞[38;2;178;139;182m⠁[38;2;175;144;189m⡡[38;2;171;149;196m⢊[38;2;167;154;203m⣅[38;2;163;159;210m⣼[38;2;160;163;217m⣿[38;2;156;168;224m⠃[38;2;152;173;231m⠀[38;2;148;178;238m⠀[38;2;145;183;245m⠀[38;2;141;188;252m⠈[38;2;137;187;251m⡇[38;2;134;182;246m⡏[38;2;131;178;241m⠀[38;2;128;174;236m⠀[38;2;124;170;231m⠀[38;2;121;165;226m⠀[38;2;118;161;221m⠀[38;2;114;157;216m⠀[38;2;111;153;211m⠀[38;2;108;149;206m⠀[38;2;105;144;201m⠀[38;2;101;140;196m⠀[38;2;98;136;190m⠀[38;2;95;132;185m⠀[38;2;92;127;180m⠀[38;2;88;123;175m⠀[38;2;85;119;170m⠀[38;2;82;115;165m⠀[38;2;79;110;160m⠀[38;2;75;106;155m⠀[38;2;72;102;150m⠀[38;2;69;98;145m⠀[38;2;66;93;140m⠀[0m
[38;2;206;80;107m⠀[38;2;211;76;100m⠀[38;2;216;72;93m⠀[38;2;221;68;86m⠀[38;2;226;64;79m⠀[38;2;231;59;72m⠀[38;2;236;55;65m⠀[38;2;241;51;58m⠀[38;2;246;47;51m⠀[38;2;251;42;44m⢀[38;2;253;41;42m⣜[38;2;250;46;49m⣁[38;2;246;51;56m⠤[38;2;242;56;63m⠴[38;2;238;61;70m⠒[38;2;235;66;77m⠋[38;2;231;70;84m⠉[38;2;227;75;91m⠁[38;2;223;80;98m⣠[38;2;220;85;105m⢔[38;2;216;90;112m⣫[38;2;212;95;119m⡾[38;2;208;100;126m⠽[38;2;205;105;133m⣾[38;2;201;110;140m⡿[38;2;197;115;147m⢋[38;2;193;119;154m⡀[38;2;190;124;161m⠀[38;2;186;129;168m⠀[38;2;182;134;175m⢉[38;2;178;139;182m⡴[38;2;175;144;189m⠊[38;2;171;149;196m⠠[38;2;167;154;203m⣨[38;2;163;159;210m⣾[38;2;160;163;217m⣎[38;2;156;168;224m⢾[38;2;152;173;231m⣝[38;2;148;178;238m⠀[38;2;145;183;245m⠀[38;2;141;188;252m⢀[38;2;137;187;251m⢀[38;2;134;182;246m⣷[38;2;131;178;241m⡇[38;2;128;174;236m⠀[38;2;124;170;231m⠀[38;2;121;165;226m⠀[38;2;118;161;221m⠀[38;2;114;157;216m⢠[38;2;111;153;211m⡇[38;2;108;149;206m⠀[38;2;105;144;201m⠀[38;2;101;140;196m⠀[38;2;98;136;190m⠀[38;2;95;132;185m⠀[38;2;92;127;180m⠀[38;2;88;123;175m⠀[38;2;85;119;170m⠀[38;2;82;115;165m⠀[38;2;79;110;160m⠀[38;2;75;106;155m⠀[38;2;72;102;150m⠀[38;2;69;98;145m⠀[38;2;66;93;140m⠀[38;2;62;89;135m⠀[0m
[38;2;211;76;100m⠀[38;2;216;72;93m⠀[38;2;221;68;86m⠀[38;2;226;64;79m⠀[38;2;231;59;72m⠀[38;2;236;55;65m⠀[38;2;241;51;58m⠀[38;2;246;47;51m⠀[38;2;251;42;44m⠠[38;2;253;41;42m⠞[38;2;250;46;49m⠉[38;2;246;51;56m⠠[38;2;242;56;63m⣦[38;2;238;61;70m⠀[38;2;235;66;77m⣀[38;2;231;70;84m⣤[38;2;227;75;91m⠶[38;2;223;80;98m⡟[38;2;220;85;105m⣛[38;2;216;90;112m⢩[38;2;212;95;119m⡁[38;2;208;100;126m⢀[38;2;205;105;133m⣾[38;2;201;110;140m⣏[38;2;197;115;147m⣞[38;2;193;119;154m⣾[38;2;190;124;161m⣮[38;2;186;129;168m⢴[38;2;182;134;175m⣖[38;2;178;139;182m⣋[38;2;175;144;189m⠀[38;2;171;149;196m⠴[38;2;167;154;203m⠾[38;2;163;159;210m⠼[38;2;160;163;217m⠞[38;2;156;168;224m⠁[38;2;152;173;231m⣸[38;2;148;178;238m⣉[38;2;145;183;245m⣷[38;2;141;188;252m⣴[38;2;137;187;251m⣰[38;2;134;182;246m⣸[38;2;131;178;241m⣻[38;2;128;174;236m⡇[38;2;124;170;231m⠀[38;2;121;165;226m⠀[38;2;118;161;221m⡠[38;2;114;157;216m⣤[38;2;111;153;211m⣻[38;2;108;149;206m⠁[38;2;105;144;201m⣴[38;2;101;140;196m⠀[38;2;98;136;190m⠀[38;2;95;132;185m⠀[38;2;92;127;180m⠀[38;2;88;123;175m⠀[38;2;85;119;170m⠀[38;2;82;115;165m⠀[38;2;79;110;160m⠀[38;2;75;106;155m⠀[38;2;72;102;150m⠀[38;2;69;98;145m⠀[38;2;66;93;140m⠀[38;2;62;89;135m⠀[38;2;59;85;130m⠀[0m
[38;2;216;72;93m⠀[38;2;221;68;86m⠀[38;2;226;64;79m⠀[38;2;231;59;72m⠀[38;2;236;55;65m⠀[38;2;241;51;58m⠀[38;2;246;47;51m⠀[38;2;251;42;44m⠀[38;2;253;41;42m⠀[38;2;250;46;49m⠀[38;2;246;51;56m⠀[38;2;242;56;63m⠀[38;2;238;61;70m⠟[38;2;235;66;77m⢰[38;2;231;70;84m⠀[38;2;227;75;91m⢀[38;2;223;80;98m⣄[38;2;220;85;105m⠧[38;2;216;90;112m⢿[38;2;212;95;119m⣞[38;2;208;100;126m⡧[38;2;205;105;133m⣿[38;2;201;110;140m⠿[38;2;197;115;147m⠿[38;2;193;119;154m⠓[38;2;190;124;161m⢝[38;2;186;129;168m⠥[38;2;182;134;175m⠭[38;2;178;139;182m⠭[38;2;175;144;189m⠭[38;2;171;149;196m⠭[38;2;167;154;203m⠭[38;2;163;159;210m⠍[38;2;160;163;217m⢔[38;2;156;168;224m⡲[38;2;152;173;231m⣶[38;2;148;178;238m⣺[38;2;145;183;245m⠫[38;2;141;188;252m⠥[38;2;137;187;251m⠤[38;2;134;182;246m⢚[38;2;131;178;241m⣛[38;2;128;174;236m⡩[38;2;124;170;231m⠧[38;2;121;165;226m⢛[38;2;118;161;221m⣒[38;2;114;157;216m⢝[38;2;111;153;211m⣫[38;2;108;149;206m⡷[38;2;105;144;201m⢆[38;2;101;140;196m⣁[38;2;98;136;190m⣄[38;2;95;132;185m⠀[38;2;92;127;180m⠀[38;2;88;123;175m⠀[38;2;85;119;170m⡀[38;2;82;115;165m⣠[38;2;79;110;160m⠀[38;2;75;106;155m⠀[38;2;72;102;150m⠀[38;2;69;98;145m⠀[38;2;66;93;140m⠀[38;2;62;89;135m⠀[38;2;59;85;130m⠀[38;2;56;81;125m⠀[0m
[38;2;221;68;86m⠀[38;2;226;64;79m⠀[38;2;231;59;72m⠀[38;2;236;55;65m⠀[38;2;241;51;58m⠀[38;2;246;47;51m⠀[38;2;251;42;44m⠀[38;2;253;41;42m⠀[38;2;250;46;49m⠀[38;2;246;51;56m⠀[38;2;242;56;63m⠀[38;2;238;61;70m⣀[38;2;235;66;77m⡠[38;2;231;70;84m⢜[38;2;227;75;91m⣒[38;2;223;80;98m⡽[38;2;220;85;105m⢺[38;2;216;90;112m⣛[38;2;212;95;119m⡽[38;2;208;100;126m⠵[38;2;205;105;133m⠛[38;2;201;110;140m⠛[38;2;197;115;147m⠉[38;2;193;119;154m⠉[38;2;190;124;161m⠋[38;2;186;129;168m⠉[38;2;182;134;175m⠀[38;2;178;139;182m⠀[38;2;175;144;189m⠀[38;2;171;149;196m⠀[38;2;167;154;203m⠀[38;2;163;159;210m⠀[38;2;160;163;217m⠀[38;2;156;168;224m⠈[38;2;152;173;231m⠀[38;2;148;178;238m⠸[38;2;145;183;245m⠇[38;2;141;188;252m⠁[38;2;137;187;251m⠉[38;2;134;182;246m⠉[38;2;131;178;241m⠉[38;2;128;174;236m⠉[38;2;124;170;231m⠚[38;2;121;165;226m⠛[38;2;118;161;221m⠵[38;2;114;157;216m⢴[38;2;111;153;211m⠹[38;2;108;149;206m⣇[38;2;105;144;201m⢍[38;2;101;140;196m⣒[38;2;98;136;190m⡢[38;2;95;132;185m⠾[38;2;92;127;180m⣢[38;2;88;123;175m⢤[38;2;85;119;170m⣀[38;2;82;115;165m⠽[38;2;79;110;160m⡿[38;2;75;106;155m⣶[38;2;72;102;150m⡤[38;2;69;98;145m⣀[38;2;66;93;140m⠀[38;2;62;89;135m⠀[38;2;59;85;130m⠀[38;2;56;81;125m⠀[38;2;53;76;120m⠀[0m
[38;2;226;64;79m⠀[38;2;231;59;72m⠀[38;2;236;55;65m⠀[38;2;241;51;58m⠀[38;2;246;47;51m⠀[38;2;251;42;44m⠀[38;2;253;41;42m⠀[38;2;250;46;49m⢀[38;2;246;51;56m⡠[38;2;242;56;63m⢖[38;2;238;61;70m⠫[38;2;235;66;77m⢕[38;2;231;70;84m⡺[38;2;227;75;91m⠝[38;2;223;80;98m⠚[38;2;220;85;105m⠉[38;2;216;90;112m⠁[38;2;212;95;119m⠀[38;2;208;100;126m⠀[38;2;205;105;133m⠀[38;2;201;110;140m⠀[38;2;197;115;147m⠀[38;2;193;119;154m⠀[38;2;190;124;161m⠀[38;2;186;129;168m⠀[38;2;182;134;175m⠀[38;2;178;139;182m⠀[38;2;175;144;189m⠀[38;2;171;149;196m⠀[38;2;167;154;203m⠀[38;2;163;159;210m⠀[38;2;160;163;217m⠀[38;2;156;168;224m⠀[38;2;152;173;231m⠀[38;2;148;178;238m⠀[38;2;145;183;245m⠀[38;2;141;188;252m⠀[38;2;137;187;251m⠀[38;2;134;182;246m⠀[38;2;131;178;241m⠀[38;2;128;174;236m⠀[38;2;124;170;231m⠀[38;2;121;165;226m⠀[38;2;118;161;221m⠀[38;2;114;157;216m⠀[38;2;111;153;211m⠀[38;2;108;149;206m⠉[38;2;105;144;201m⠈[38;2;101;140;196m⠀[38;2;98;136;190m⠀[38;2;95;132;185m⠉[38;2;92;127;180m⠉[38;2;88;123;175m⠒[38;2;85;119;170m⠭[38;2;82;115;165m⣚[38;2;79;110;160m⠽[38;2;75;106;155m⣲[38;2;72;102;150m⣤[38;2;69;98;145m⣙[38;2;66;93;140m⢦[38;2;62;89;135m⡍[38;2;59;85;130m⠒[38;2;56;81;125m⠤[38;2;53;76;120m⡀[38;2;49;72;115m⠀[0m
[38;2;231;59;72m⠀[38;2;236;55;65m⠀[38;2;241;51;58m⠀[38;2;246;47;51m⠀[38;2;251;42;44m⢀[38;2;253;41;42m⡤[38;2;250;46;49m⣺[38;2;246;51;56m⢕[38;2;242;56;63m⣠[38;2;238;61;70m⡿[38;2;235;66;77m⠏[38;2;231;70;84m⠁[38;2;227;75;91m⠀[38;2;223;80;98m⠀[38;2;220;85;105m⠀[38;2;216;90;112m⠀[38;2;212;95;119m⠀[38;2;208;100;126m⠀[38;2;205;105;133m⠀[38;2;201;110;140m⠀[38;2;197;115;147m⠀[38;2;193;119;154m⠀[38;2;190;124;161m⠀[38;2;186;129;168m⠀[38;2;182;134;175m⠀[38;2;178;139;182m⠀[38;2;175;144;189m⠀[38;2;171;149;196m⠀[38;2;167;154;203m⠀[38;2;163;159;210m⠀[38;2;160;163;217m⠀[38;2;156;168;224m⠀[38;2;152;173;231m⠀[38;2;148;178;238m⠀[38;2;145;183;245m⠀[38;2;141;188;252m⠀[38;2;137;187;251m⠀[38;2;134;182;246m⠀[38;2;131;178;241m⠀[38;2;128;174;236m⠀[38;2;124;170;231m⠀[38;2;121;165;226m⠀[38;2;118;161;221m⠀[38;2;114;157;216m⠀[38;2;111;153;211m⠀[38;2;108;149;206m⠀[38;2;105;144;201m⠀[38;2;101;140;196m⠀[38;2;98;136;190m⠀[38;2;95;132;185m⠀[38;2;92;127;180m⠀[38;2;88;123;175m⠀[38;2;85;119;170m⠀[38;2;82;115;165m⠀[38;2;79;110;160m⠈[38;2;75;106;155m⠑[38;2;72;102;150m⠢[38;2;69;98;145m⣉[38;2;66;93;140m⠚[38;2;62;89;135m⢕[38;2;59;85;130m⡦[38;2;56;81;125m⣀[38;2;53;76;120m⠀[38;2;49;72;115m⠀[38;2;46;68;110m⠀[0m
[38;2;236;55;65m⠀[38;2;241;51;58m⠀[38;2;246;47;51m⠀[38;2;251;42;44m⠐[38;2;253;41;42m⠁[38;2;250;46;49m⠈[38;2;246;51;56m⠀[38;2;242;56;63m⠋[38;2;238;61;70m⠀[38;2;235;66;77m⠀[38;2;231;70;84m⠀[38;2;227;75;91m⠀[38;2;223;80;98m⠀[38;2;220;85;105m⠀[38;2;216;90;112m⠀[38;2;212;95;119m⠀[38;2;208;100;126m⠀[38;2;205;105;133m⠀[38;2;201;110;140m⠀[38;2;197;115;147m⠀[38;2;193;119;154m⠀[38;2;190;124;161m⠀[38;2;186;129;168m⠀[38;2;182;134;175m⠀[38;2;178;139;182m⠀[38;2;175;144;189m⠀[38;2;171;149;196m⠀[38;2;167;154;203m⠀[38;2;163;159;210m⠀[38;2;160;163;217m⠀[38;2;156;168;224m⠀[38;2;152;173;231m⠀[38;2;148;178;238m⠀[38;2;145;183;245m⠀[38;2;141;188;252m⠀[38;2;137;187;251m⠀[38;2;134;182;246m⠀[38;2;131;178;241m⠀[38;2;128;174;236m⠀[38;2;124;170;231m⠀[38;2;121;165;226m⠀[38;2;118;161;221m⠀[38;2;114;157;216m⠀[38;2;111;153;211m⠀[38;2;108;149;206m⠀[38;2;105;144;201m⠀[38;2;101;140;196m⠀[38;2;98;136;190m⠀[38;2;95;132;185m⠀[38;2;92;127;180m⠀[38;2;88;123;175m⠀[38;2;85;119;170m⠀[38;2;82;115;165m⠀[38;2;79;110;160m⠀[38;2;75;106;155m⠀[38;2;72;102;150m⠀[38;2;69;98;145m⠀[38;2;66;93;140m⠀[38;2;62;89;135m⠑[38;2;59;85;130m⠆[38;2;56;81;125m⠉[38;2;53;76;120m⠪[38;2;49;72;115m⠳[38;2;46;68;110m⠄[38;2;43;64;105m⠀[0m
