[38;2;100;170;255m [38;2;100;170;255m█[38;2;105;165;247m█[38;2;110;160;239m█[38;2;116;156;232m█[38;2;121;151;224m█[38;2;127;147;217m█[38;2;132;142;209m█[38;2;138;137;201m█[38;2;143;133;194m█[38;2;149;128;186m█[38;2;154;124;179m█[38;2;160;119;171m [38;2;165;114;163m [38;2;171;110;156m [38;2;176;105;148m [38;2;182;101;141m [38;2;187;96;133m [38;2;193;91;125m█[38;2;198;87;118m█[38;2;203;82;110m█[38;2;209;78;103m█[38;2;214;73;95m█[38;2;220;69;88m█[38;2;225;64;80m█[38;2;231;59;72m [38;2;236;55;65m [38;2;242;50;57m [38;2;247;46;50m [38;2;253;41;42m█[38;2;252;43;45m█[38;2;248;48;52m█[38;2;244;54;60m█[38;2;240;59;67m█[38;2;236;64;75m [38;2;232;70;83m [38;2;227;75;90m█[38;2;223;80;98m█[38;2;219;85;105m█[38;2;215;91;113m█[38;2;211;96;120m█[38;2;207;101;128m [38;2;203;107;136m█[38;2;199;112;143m█[38;2;195;117;151m█[38;2;191;122;158m█[38;2;187;128;166m█[38;2;183;133;174m█[38;2;179;138;181m█[38;2;175;144;189m█[38;2;171;149;196m█[38;2;167;154;204m█[38;2;163;160;212m█[38;2;158;165;219m [38;2;154;170;227m█[38;2;150;175;234m█[38;2;146;181;242m█[38;2;142;186;249m█[38;2;138;188;253m█[38;2;135;183;247m█[38;2;131;179;242m█[38;2;128;174;236m█[38;2;124;170;231m█[38;2;121;165;225m█[38;2;117;160;220m [38;2;114;156;214m█[38;2;110;151;209m█[38;2;107;147;203m█[38;2;103;142;198m█[38;2;99;137;192m█[38;2;96;133;187m [38;2;92;128;182m [38;2;89;124;176m [38;2;85;119;171m [38;2;82;115;165m [38;2;78;110;160m [0m
[38;2;100;170;255m▒[38;2;105;165;247m▒[38;2;110;160;239m█[38;2;116;156;232m█[38;2;121;151;224m█[38;2;127;147;217m▒[38;2;132;142;209m▒[38;2;138;137;201m▒[38;2;143;133;194m▒[38;2;149;128;186m▒[38;2;154;124;179m█[38;2;160;119;171m█[38;2;165;114;163m█[38;2;171;110;156m [38;2;176;105;148m [38;2;182;101;141m [38;2;187;96;133m█[38;2;193;91;125m█[38;2;198;87;118m█[38;2;203;82;110m▒[38;2;209;78;103m▒[38;2;214;73;95m▒[38;2;220;69;88m▒[38;2;225;64;80m▒[38;2;231;59;72m█[38;2;236;55;65m█[38;2;242;50;57m█[38;2;247;46;50m [38;2;253;41;42m▒[38;2;252;43;45m▒[38;2;248;48;52m█[38;2;244;54;60m█[38;2;240;59;67m█[38;2;236;64;75m [38;2;232;70;83m [38;2;227;75;90m▒[38;2;223;80;98m▒[38;2;219;85;105m█[38;2;215;91;113m█[38;2;211;96;120m█[38;2;207;101;128m [38;2;203;107;136m▒[38;2;199;112;143m█[38;2;195;117;151m▒[38;2;191;122;158m▒[38;2;187;128;166m▒[38;2;183;133;174m█[38;2;179;138;181m█[38;2;175;144;189m█[38;2;171;149;196m▒[38;2;167;154;204m▒[38;2;163;160;212m▒[38;2;158;165;219m█[38;2;154;170;227m▒[38;2;150;175;234m▒[38;2;146;181;242m█[38;2;142;186;249m█[38;2;138;188;253m█[38;2;135;183;247m▒[38;2;131;179;242m▒[38;2;128;174;236m▒[38;2;124;170;231m▒[38;2;121;165;225m▒[38;2;117;160;220m█[38;2;114;156;214m▒[38;2;110;151;209m▒[38;2;107;147;203m█[38;2;103;142;198m█[38;2;99;137;192m█[38;2;96;133;187m [38;2;92;128;182m [38;2;89;124;176m [38;2;85;119;171m [38;2;82;115;165m [38;2;78;110;160m [38;2;75;105;154m [0m
[38;2;105;165;247m [38;2;110;160;239m▒[38;2;116;156;232m█[38;2;121;151;224m█[38;2;127;147;217m█[38;2;132;142;209m [38;2;138;137;201m [38;2;143;133;194m [38;2;149;128;186m [38;2;154;124;179m▒[38;2;160;119;171m█[38;2;165;114;163m█[38;2;171;110;156m█[38;2;176;105;148m [38;2;182;101;141m [38;2;187;96;133m█[38;2;193;91;125m█[38;2;198;87;118m█[38;2;203;82;110m [38;2;209;78;103m [38;2;214;73;95m [38;2;220;69;88m [38;2;225;64;80m [38;2;231;59;72m▒[38;2;236;55;65m▒[38;2;242;50;57m█[38;2;247;46;50m█[38;2;253;41;42m█[38;2;252;43;45m [38;2;248;48;52m▒[38;2;244;54;60m█[38;2;240;59;67m█[38;2;236;64;75m█[38;2;232;70;83m [38;2;227;75;90m [38;2;223;80;98m [38;2;219;85;105m▒[38;2;215;91;113m█[38;2;211;96;120m█[38;2;207;101;128m█[38;2;203;107;136m [38;2;199;112;143m▒[38;2;195;117;151m [38;2;191;122;158m [38;2;187;128;166m [38;2;183;133;174m▒[38;2;179;138;181m█[38;2;175;144;189m█[38;2;171;149;196m█[38;2;167;154;204m [38;2;163;160;212m [38;2;158;165;219m▒[38;2;154;170;227m [38;2;150;175;234m [38;2;146;181;242m▒[38;2;142;186;249m█[38;2;138;188;253m█[38;2;135;183;247m█[38;2;131;179;242m [38;2;128;174;236m [38;2;124;170;231m█[38;2;121;165;225m [38;2;117;160;220m▒[38;2;114;156;214m [38;2;110;151;209m [38;2;107;147;203m▒[38;2;103;142;198m█[38;2;99;137;192m█[38;2;96;133;187m█[38;2;92;128;182m [38;2;89;124;176m [38;2;85;119;171m [38;2;82;115;165m [38;2;78;110;160m [38;2;75;105;154m [38;2;71;101;149m [0m
[38;2;110;160;239m [38;2;116;156;232m▒[38;2;121;151;224m█[38;2;127;147;217m█[38;2;132;142;209m█[38;2;138;137;201m█[38;2;143;133;194m█[38;2;149;128;186m█[38;2;154;124;179m█[38;2;160;119;171m█[38;2;165;114;163m█[38;2;171;110;156m█[38;2;176;105;148m [38;2;182;101;141m [38;2;187;96;133m▒[38;2;193;91;125m█[38;2;198;87;118m█[38;2;203;82;110m█[38;2;209;78;103m [38;2;214;73;95m [38;2;220;69;88m [38;2;225;64;80m [38;2;231;59;72m [38;2;236;55;65m [38;2;242;50;57m▒[38;2;247;46;50m█[38;2;253;41;42m█[38;2;252;43;45m█[38;2;248;48;52m [38;2;244;54;60m▒[38;2;240;59;67m█[38;2;236;64;75m█[38;2;232;70;83m█[38;2;227;75;90m [38;2;223;80;98m [38;2;219;85;105m [38;2;215;91;113m▒[38;2;211;96;120m█[38;2;207;101;128m█[38;2;203;107;136m█[38;2;199;112;143m [38;2;195;117;151m [38;2;191;122;158m [38;2;187;128;166m [38;2;183;133;174m [38;2;179;138;181m▒[38;2;175;144;189m█[38;2;171;149;196m█[38;2;167;154;204m█[38;2;163;160;212m [38;2;158;165;219m [38;2;154;170;227m [38;2;150;175;234m [38;2;146;181;242m [38;2;142;186;249m▒[38;2;138;188;253m█[38;2;135;183;247m█[38;2;131;179;242m█[38;2;128;174;236m█[38;2;124;170;231m█[38;2;121;165;225m█[38;2;117;160;220m [38;2;114;156;214m [38;2;110;151;209m [38;2;107;147;203m [38;2;103;142;198m▒[38;2;99;137;192m█[38;2;96;133;187m█[38;2;92;128;182m█[38;2;89;124;176m [38;2;85;119;171m [38;2;82;115;165m [38;2;78;110;160m [38;2;75;105;154m [38;2;71;101;149m [38;2;68;96;143m [0m
[38;2;116;156;232m [38;2;121;151;224m▒[38;2;127;147;217m█[38;2;132;142;209m█[38;2;138;137;201m█[38;2;143;133;194m▒[38;2;149;128;186m▒[38;2;154;124;179m▒[38;2;160;119;171m▒[38;2;165;114;163m▒[38;2;171;110;156m█[38;2;176;105;148m█[38;2;182;101;141m█[38;2;187;96;133m [38;2;193;91;125m▒[38;2;198;87;118m█[38;2;203;82;110m█[38;2;209;78;103m█[38;2;214;73;95m [38;2;220;69;88m [38;2;225;64;80m [38;2;231;59;72m [38;2;236;55;65m [38;2;242;50;57m [38;2;247;46;50m▒[38;2;253;41;42m█[38;2;252;43;45m█[38;2;248;48;52m█[38;2;244;54;60m [38;2;240;59;67m▒[38;2;236;64;75m█[38;2;232;70;83m█[38;2;227;75;90m█[38;2;223;80;98m [38;2;219;85;105m [38;2;215;91;113m [38;2;211;96;120m▒[38;2;207;101;128m█[38;2;203;107;136m█[38;2;199;112;143m█[38;2;195;117;151m [38;2;191;122;158m [38;2;187;128;166m [38;2;183;133;174m [38;2;179;138;181m [38;2;175;144;189m▒[38;2;171;149;196m█[38;2;167;154;204m█[38;2;163;160;212m█[38;2;158;165;219m [38;2;154;170;227m [38;2;150;175;234m [38;2;146;181;242m [38;2;142;186;249m [38;2;138;188;253m▒[38;2;135;183;247m█[38;2;131;179;242m█[38;2;128;174;236m█[38;2;124;170;231m▒[38;2;121;165;225m▒[38;2;117;160;220m█[38;2;114;156;214m [38;2;110;151;209m [38;2;107;147;203m [38;2;103;142;198m [38;2;99;137;192m▒[38;2;96;133;187m█[38;2;92;128;182m█[38;2;89;124;176m█[38;2;85;119;171m [38;2;82;115;165m [38;2;78;110;160m [38;2;75;105;154m [38;2;71;101;149m [38;2;68;96;143m [38;2;64;92;138m [0m
[38;2;121;151;224m [38;2;127;147;217m▒[38;2;132;142;209m█[38;2;138;137;201m█[38;2;143;133;194m█[38;2;149;128;186m [38;2;154;124;179m [38;2;160;119;171m [38;2;165;114;163m [38;2;171;110;156m▒[38;2;176;105;148m█[38;2;182;101;141m█[38;2;187;96;133m█[38;2;193;91;125m [38;2;198;87;118m▒[38;2;203;82;110m▒[38;2;209;78;103m█[38;2;214;73;95m█[38;2;220;69;88m█[38;2;225;64;80m [38;2;231;59;72m [38;2;236;55;65m [38;2;242;50;57m [38;2;247;46;50m [38;2;253;41;42m█[38;2;252;43;45m█[38;2;248;48;52m█[38;2;244;54;60m [38;2;240;59;67m [38;2;236;64;75m▒[38;2;232;70;83m█[38;2;227;75;90m█[38;2;223;80;98m█[38;2;219;85;105m [38;2;215;91;113m [38;2;211;96;120m [38;2;207;101;128m▒[38;2;203;107;136m█[38;2;199;112;143m█[38;2;195;117;151m█[38;2;191;122;158m [38;2;187;128;166m [38;2;183;133;174m [38;2;179;138;181m [38;2;175;144;189m [38;2;171;149;196m▒[38;2;167;154;204m█[38;2;163;160;212m█[38;2;158;165;219m█[38;2;154;170;227m [38;2;150;175;234m [38;2;146;181;242m [38;2;142;186;249m [38;2;138;188;253m [38;2;135;183;247m▒[38;2;131;179;242m█[38;2;128;174;236m█[38;2;124;170;231m█[38;2;121;165;225m [38;2;117;160;220m▒[38;2;114;156;214m [38;2;110;151;209m [38;2;107;147;203m [38;2;103;142;198m█[38;2;99;137;192m [38;2;96;133;187m▒[38;2;92;128;182m█[38;2;89;124;176m█[38;2;85;119;171m█[38;2;82;115;165m [38;2;78;110;160m [38;2;75;105;154m [38;2;71;101;149m [38;2;68;96;143m [38;2;64;92;138m [38;2;61;87;132m█[0m
[38;2;127;147;217m [38;2;132;142;209m█[38;2;138;137;201m█[38;2;143;133;194m█[38;2;149;128;186m█[38;2;154;124;179m█[38;2;160;119;171m [38;2;165;114;163m [38;2;171;110;156m [38;2;176;105;148m█[38;2;182;101;141m█[38;2;187;96;133m█[38;2;193;91;125m█[38;2;198;87;118m█[38;2;203;82;110m [38;2;209;78;103m▒[38;2;214;73;95m▒[38;2;220;69;88m▒[38;2;225;64;80m█[38;2;231;59;72m█[38;2;236;55;65m█[38;2;242;50;57m█[38;2;247;46;50m█[38;2;253;41;42m█[38;2;252;43;45m█[38;2;248;48;52m▒[38;2;244;54;60m [38;2;240;59;67m [38;2;236;64;75m [38;2;232;70;83m▒[38;2;227;75;90m▒[38;2;223;80;98m█[38;2;219;85;105m█[38;2;215;91;113m█[38;2;211;96;120m█[38;2;207;101;128m█[38;2;203;107;136m█[38;2;199;112;143m█[38;2;195;117;151m█[38;2;191;122;158m [38;2;187;128;166m [38;2;183;133;174m [38;2;179;138;181m [38;2;175;144;189m [38;2;171;149;196m [38;2;167;154;204m█[38;2;163;160;212m█[38;2;158;165;219m█[38;2;154;170;227m█[38;2;150;175;234m█[38;2;146;181;242m [38;2;142;186;249m [38;2;138;188;253m [38;2;135;183;247m [38;2;131;179;242m█[38;2;128;174;236m█[38;2;124;170;231m█[38;2;121;165;225m█[38;2;117;160;220m█[38;2;114;156;214m█[38;2;110;151;209m█[38;2;107;147;203m█[38;2;103;142;198m█[38;2;99;137;192m█[38;2;96;133;187m [38;2;92;128;182m█[38;2;89;124;176m█[38;2;85;119;171m█[38;2;82;115;165m█[38;2;78;110;160m█[38;2;75;105;154m█[38;2;71;101;149m█[38;2;68;96;143m█[38;2;64;92;138m█[38;2;61;87;132m█[38;2;57;82;127m█[0m
[38;2;132;142;209m▒[38;2;138;137;201m▒[38;2;143;133;194m▒[38;2;149;128;186m▒[38;2;154;124;179m▒[38;2;160;119;171m [38;2;165;114;163m [38;2;171;110;156m [38;2;176;105;148m▒[38;2;182;101;141m▒[38;2;187;96;133m▒[38;2;193;91;125m▒[38;2;198;87;118m▒[38;2;203;82;110m [38;2;209;78;103m [38;2;214;73;95m [38;2;220;69;88m [38;2;225;64;80m▒[38;2;231;59;72m▒[38;2;236;55;65m▒[38;2;242;50;57m▒[38;2;247;46;50m▒[38;2;253;41;42m▒[38;2;252;43;45m▒[38;2;248;48;52m [38;2;244;54;60m [38;2;240;59;67m [38;2;236;64;75m [38;2;232;70;83m [38;2;227;75;90m [38;2;223;80;98m▒[38;2;219;85;105m▒[38;2;215;91;113m▒[38;2;211;96;120m▒[38;2;207;101;128m▒[38;2;203;107;136m▒[38;2;199;112;143m▒[38;2;195;117;151m▒[38;2;191;122;158m [38;2;187;128;166m [38;2;183;133;174m [38;2;179;138;181m [38;2;175;144;189m [38;2;171;149;196m [38;2;167;154;204m▒[38;2;163;160;212m▒[38;2;158;165;219m▒[38;2;154;170;227m▒[38;2;150;175;234m▒[38;2;146;181;242m [38;2;142;186;249m [38;2;138;188;253m [38;2;135;183;247m [38;2;131;179;242m▒[38;2;128;174;236m▒[38;2;124;170;231m▒[38;2;121;165;225m▒[38;2;117;160;220m▒[38;2;114;156;214m▒[38;2;110;151;209m▒[38;2;107;147;203m▒[38;2;103;142;198m▒[38;2;99;137;192m▒[38;2;96;133;187m [38;2;92;128;182m▒[38;2;89;124;176m▒[38;2;85;119;171m▒[38;2;82;115;165m▒[38;2;78;110;160m▒[38;2;75;105;154m▒[38;2;71;101;149m▒[38;2;68;96;143m▒[38;2;64;92;138m▒[38;2;61;87;132m▒[38;2;57;82;127m▒[38;2;54;78;121m [0m
[38;2;138;137;201m [38;2;143;133;194m [38;2;149;128;186m [38;2;154;124;179m [38;2;160;119;171m [38;2;165;114;163m [38;2;171;110;156m [38;2;176;105;148m [38;2;182;101;141m [38;2;187;96;133m [38;2;193;91;125m [38;2;198;87;118m [38;2;203;82;110m [38;2;209;78;103m [38;2;214;73;95m [38;2;220;69;88m [38;2;225;64;80m [38;2;231;59;72m [38;2;236;55;65m [38;2;242;50;57m [38;2;247;46;50m [38;2;253;41;42m [38;2;252;43;45m [38;2;248;48;52m [38;2;244;54;60m [38;2;240;59;67m [38;2;236;64;75m [38;2;232;70;83m [38;2;227;75;90m [38;2;223;80;98m [38;2;219;85;105m [38;2;215;91;113m [38;2;211;96;120m [38;2;207;101;128m [38;2;203;107;136m [38;2;199;112;143m [38;2;195;117;151m [38;2;191;122;158m [38;2;187;128;166m [38;2;183;133;174m [38;2;179;138;181m [38;2;175;144;189m [38;2;171;149;196m [38;2;167;154;204m [38;2;163;160;212m [38;2;158;165;219m [38;2;154;170;227m [38;2;150;175;234m [38;2;146;181;242m [38;2;142;186;249m [38;2;138;188;253m [38;2;135;183;247m [38;2;131;179;242m [38;2;128;174;236m [38;2;124;170;231m [38;2;121;165;225m [38;2;117;160;220m [38;2;114;156;214m [38;2;110;151;209m [38;2;107;147;203m [38;2;103;142;198m [38;2;99;137;192m [38;2;96;133;187m [38;2;92;128;182m [38;2;89;124;176m [38;2;85;119;171m [38;2;82;115;165m [38;2;78;110;160m [38;2;75;105;154m [38;2;71;101;149m [38;2;68;96;143m [38;2;64;92;138m [38;2;61;87;132m [38;2;57;82;127m [38;2;54;78;121m [38;2;50;73;116m [0m
[38;2;143;133;194m [38;2;149;128;186m [38;2;154;124;179m [38;2;160;119;171m [38;2;165;114;163m [38;2;171;110;156m [38;2;176;105;148m [38;2;182;101;141m [38;2;187;96;133m [38;2;193;91;125m [38;2;198;87;118m [38;2;203;82;110m [38;2;209;78;103m [38;2;214;73;95m [38;2;220;69;88m [38;2;225;64;80m [38;2;231;59;72m [38;2;236;55;65m [38;2;242;50;57m [38;2;247;46;50m [38;2;253;41;42m [38;2;252;43;45m [38;2;248;48;52m [38;2;244;54;60m [38;2;240;59;67m [38;2;236;64;75m [38;2;232;70;83m [38;2;227;75;90m [38;2;223;80;98m [38;2;219;85;105m [38;2;215;91;113m [38;2;211;96;120m [38;2;207;101;128m [38;2;203;107;136m [38;2;199;112;143m [38;2;195;117;151m [38;2;191;122;158m [38;2;187;128;166m [38;2;183;133;174m [38;2;179;138;181m [38;2;175;144;189m [38;2;171;149;196m [38;2;167;154;204m [38;2;163;160;212m [38;2;158;165;219m [38;2;154;170;227m [38;2;150;175;234m [38;2;146;181;242m [38;2;142;186;249m [38;2;138;188;253m [38;2;135;183;247m [38;2;131;179;242m [38;2;128;174;236m [38;2;124;170;231m [38;2;121;165;225m [38;2;117;160;220m [38;2;114;156;214m [38;2;110;151;209m [38;2;107;147;203m [38;2;103;142;198m [38;2;99;137;192m [38;2;96;133;187m [38;2;92;128;182m [38;2;89;124;176m [38;2;85;119;171m [38;2;82;115;165m [38;2;78;110;160m [38;2;75;105;154m [38;2;71;101;149m [38;2;68;96;143m [38;2;64;92;138m [38;2;61;87;132m [38;2;57;82;127m [38;2;54;78;121m [38;2;50;73;116m [38;2;47;69;110m [0m
[38;2;149;128;186m [38;2;154;124;179m [38;2;160;119;171m [38;2;165;114;163m [38;2;171;110;156m [38;2;176;105;148m [38;2;182;101;141m [38;2;187;96;133m [38;2;193;91;125m [38;2;198;87;118m [38;2;203;82;110m [38;2;209;78;103m [38;2;214;73;95m [38;2;220;69;88m [38;2;225;64;80m [38;2;231;59;72m [38;2;236;55;65m [38;2;242;50;57m [38;2;247;46;50m [38;2;253;41;42m [38;2;252;43;45m [38;2;248;48;52m [38;2;244;54;60m [38;2;240;59;67m [38;2;236;64;75m [38;2;232;70;83m [38;2;227;75;90m [38;2;223;80;98m [38;2;219;85;105m [38;2;215;91;113m [38;2;211;96;120m [38;2;207;101;128m [38;2;203;107;136m [38;2;199;112;143m [38;2;195;117;151m [38;2;191;122;158m [38;2;187;128;166m [38;2;183;133;174m [38;2;179;138;181m [38;2;175;144;189m [38;2;171;149;196m [38;2;167;154;204m [38;2;163;160;212m [38;2;158;165;219m [38;2;154;170;227m [38;2;150;175;234m [38;2;146;181;242m [38;2;142;186;249m [38;2;138;188;253m [38;2;135;183;247m [38;2;131;179;242m [38;2;128;174;236m [38;2;124;170;231m [38;2;121;165;225m [38;2;117;160;220m [38;2;114;156;214m [38;2;110;151;209m [38;2;107;147;203m [38;2;103;142;198m [38;2;99;137;192m [38;2;96;133;187m [38;2;92;128;182m [38;2;89;124;176m [38;2;85;119;171m [38;2;82;115;165m [38;2;78;110;160m [38;2;75;105;154m [38;2;71;101;149m [38;2;68;96;143m [38;2;64;92;138m [38;2;61;87;132m [38;2;57;82;127m [38;2;54;78;121m [38;2;50;73;116m [38;2;47;69;110m [38;2;43;64;105m [0m
